0,0,0,2,0,3,1,4
1,1,0,2,0,3,2,3
2,2,0,2,0,3,4,1
3,3,0,2,0,3,5,0
4,4,0,2,0,4,1,4
5,5,0,2,0,4,2,3
6,6,0,2,0,4,4,1
7,7,0,2,0,4,5,0
8,8,0,2,0,5,1,1
9,9,0,2,0,5,1,2
10,10,0,2,0,5,1,3
11,11,0,2,0,5,1,4
12,12,0,2,0,5,2,0
13,13,0,2,0,5,2,2
14,14,0,2,0,5,2,3
15,15,0,2,0,5,3,0
16,16,0,2,0,5,3,1
17,17,0,2,0,5,4,0
18,18,0,2,0,5,4,1
19,19,0,2,0,5,5,0
20,20,0,2,1,1,0,5
21,21,0,2,1,1,1,4
22,22,0,2,1,1,2,3
23,23,0,2,1,1,3,2
24,24,0,2,1,1,4,1
25,25,0,2,1,1,5,0
26,26,0,2,1,2,0,5
27,27,0,2,1,2,1,4
28,28,0,2,1,2,2,3
29,29,0,2,1,2,4,1
30,30,0,2,1,2,5,0
31,31,0,2,1,3,0,5
32,32,0,2,1,3,1,4
33,33,0,2,1,3,2,3
34,34,0,2,1,3,3,2
35,35,0,2,1,3,4,1
36,36,0,2,1,3,5,0
37,37,0,2,1,4,0,3
38,38,0,2,1,4,0,4
39,39,0,2,1,4,0,5
40,40,0,2,1,4,1,1
41,41,0,2,1,4,1,2
42,42,0,2,1,4,1,3
43,43,0,2,1,4,2,0
44,44,0,2,1,4,2,1
45,45,0,2,1,4,2,2
46,46,0,2,1,4,2,3
47,47,0,2,1,4,3,0
48,48,0,2,1,4,3,1
49,49,0,2,1,4,3,2
50,50,0,2,1,4,4,0
51,51,0,2,1,4,4,1
52,52,0,2,1,4,5,0
53,53,0,2,2,0,0,5
54,54,0,2,2,0,1,4
55,55,0,2,2,0,2,3
56,56,0,2,2,0,3,2
57,57,0,2,2,0,4,1
58,58,0,2,2,0,5,0
59,59,0,2,2,1,0,5
60,60,0,2,2,1,1,4
61,61,0,2,2,1,2,3
62,62,0,2,2,1,3,2
63,63,0,2,2,1,4,1
64,64,0,2,2,1,5,0
65,65,0,2,2,2,0,5
66,66,0,2,2,2,1,4
67,67,0,2,2,2,2,3
68,68,0,2,2,2,4,1
69,69,0,2,2,2,5,0
70,70,0,2,2,3,0,3
71,71,0,2,2,3,0,4
72,72,0,2,2,3,0,5
73,73,0,2,2,3,1,1
74,74,0,2,2,3,1,2
75,75,0,2,2,3,1,3
76,76,0,2,2,3,1,4
77,77,0,2,2,3,2,0
78,78,0,2,2,3,2,1
79,79,0,2,2,3,2,2
80,80,0,2,2,3,3,0
81,81,0,2,2,3,3,1
82,82,0,2,2,3,3,2
83,83,0,2,2,3,4,0
84,84,0,2,2,3,4,1
85,85,0,2,2,3,5,0
86,86,0,2,3,0,0,5
87,87,0,2,3,0,1,4
88,88,0,2,3,0,2,3
89,89,0,2,3,0,3,2
90,90,0,2,3,0,4,1
91,91,0,2,3,0,5,0
92,92,0,2,3,1,0,5
93,93,0,2,3,1,1,4
94,94,0,2,3,1,2,3
95,95,0,2,3,1,3,2
96,96,0,2,3,1,4,1
97,97,0,2,3,1,5,0
98,98,0,2,3,2,0,3
99,99,0,2,3,2,0,4
100,100,0,2,3,2,0,5
101,101,0,2,3,2,1,1
102,102,0,2,3,2,1,3
103,103,0,2,3,2,1,4
104,104,0,2,3,2,2,0
105,105,0,2,3,2,2,1
106,106,0,2,3,2,2,3
107,107,0,2,3,2,3,0
108,108,0,2,3,2,3,1
109,109,0,2,3,2,4,0
110,110,0,2,3,2,4,1
111,111,0,2,3,2,5,0
112,112,0,2,4,0,0,5
113,113,0,2,4,0,1,4
114,114,0,2,4,0,2,3
115,115,0,2,4,0,3,2
116,116,0,2,4,0,4,1
117,117,0,2,4,0,5,0
118,118,0,2,4,1,0,3
119,119,0,2,4,1,0,4
120,120,0,2,4,1,0,5
121,121,0,2,4,1,1,1
122,122,0,2,4,1,1,2
123,123,0,2,4,1,1,3
124,124,0,2,4,1,1,4
125,125,0,2,4,1,2,0
126,126,0,2,4,1,2,1
127,127,0,2,4,1,2,2
128,128,0,2,4,1,2,3
129,129,0,2,4,1,3,0
130,130,0,2,4,1,3,1
131,131,0,2,4,1,3,2
132,132,0,2,4,1,4,0
133,133,0,2,4,1,5,0
134,134,0,2,5,0,0,3
135,135,0,2,5,0,0,4
136,136,0,2,5,0,0,5
137,137,0,2,5,0,1,1
138,138,0,2,5,0,1,2
139,139,0,2,5,0,1,3
140,140,0,2,5,0,1,4
141,141,0,2,5,0,2,0
142,142,0,2,5,0,2,1
143,143,0,2,5,0,2,2
144,144,0,2,5,0,2,3
145,145,0,2,5,0,3,0
146,146,0,2,5,0,3,1
147,147,0,2,5,0,3,2
148,148,0,2,5,0,4,0
149,149,0,2,5,0,4,1
150,150,0,3,0,2,1,4
151,151,0,3,0,2,2,3
152,152,0,3,0,2,4,1
153,153,0,3,0,2,5,0
154,154,0,3,0,4,1,4
155,155,0,3,0,4,2,3
156,156,0,3,0,4,4,1
157,157,0,3,0,4,5,0
158,158,0,3,0,5,1,1
159,159,0,3,0,5,1,2
160,160,0,3,0,5,1,3
161,161,0,3,0,5,1,4
162,162,0,3,0,5,2,0
163,163,0,3,0,5,2,2
164,164,0,3,0,5,2,3
165,165,0,3,0,5,3,0
166,166,0,3,0,5,3,1
167,167,0,3,0,5,4,0
168,168,0,3,0,5,4,1
169,169,0,3,0,5,5,0
170,170,0,3,1,1,0,5
171,171,0,3,1,1,1,4
172,172,0,3,1,1,2,3
173,173,0,3,1,1,3,2
174,174,0,3,1,1,4,1
175,175,0,3,1,1,5,0
176,176,0,3,1,2,0,5
177,177,0,3,1,2,1,4
178,178,0,3,1,2,2,3
179,179,0,3,1,2,3,2
180,180,0,3,1,2,4,1
181,181,0,3,1,2,5,0
182,182,0,3,1,3,0,5
183,183,0,3,1,3,1,4
184,184,0,3,1,3,3,2
185,185,0,3,1,3,4,1
186,186,0,3,1,3,5,0
187,187,0,3,1,4,0,2
188,188,0,3,1,4,0,4
189,189,0,3,1,4,0,5
190,190,0,3,1,4,1,1
191,191,0,3,1,4,1,2
192,192,0,3,1,4,1,3
193,193,0,3,1,4,2,0
194,194,0,3,1,4,2,1
195,195,0,3,1,4,2,2
196,196,0,3,1,4,2,3
197,197,0,3,1,4,3,0
198,198,0,3,1,4,3,1
199,199,0,3,1,4,3,2
200,200,0,3,1,4,4,0
201,201,0,3,1,4,4,1
202,202,0,3,1,4,5,0
203,203,0,3,2,0,0,5
204,204,0,3,2,0,1,4
205,205,0,3,2,0,2,3
206,206,0,3,2,0,3,2
207,207,0,3,2,0,4,1
208,208,0,3,2,0,5,0
209,209,0,3,2,1,0,5
210,210,0,3,2,1,1,4
211,211,0,3,2,1,2,3
212,212,0,3,2,1,3,2
213,213,0,3,2,1,4,1
214,214,0,3,2,1,5,0
215,215,0,3,2,2,0,5
216,216,0,3,2,2,1,4
217,217,0,3,2,2,2,3
218,218,0,3,2,2,3,2
219,219,0,3,2,2,4,1
220,220,0,3,2,2,5,0
221,221,0,3,2,3,0,2
222,222,0,3,2,3,0,4
223,223,0,3,2,3,0,5
224,224,0,3,2,3,1,1
225,225,0,3,2,3,1,2
226,226,0,3,2,3,1,4
227,227,0,3,2,3,2,0
228,228,0,3,2,3,2,1
229,229,0,3,2,3,2,2
230,230,0,3,2,3,3,0
231,231,0,3,2,3,3,1
232,232,0,3,2,3,3,2
233,233,0,3,2,3,4,0
234,234,0,3,2,3,4,1
235,235,0,3,2,3,5,0
236,236,0,3,3,0,0,5
237,237,0,3,3,0,1,4
238,238,0,3,3,0,2,3
239,239,0,3,3,0,3,2
240,240,0,3,3,0,4,1
241,241,0,3,3,0,5,0
242,242,0,3,3,1,0,5
243,243,0,3,3,1,1,4
244,244,0,3,3,1,2,3
245,245,0,3,3,1,3,2
246,246,0,3,3,1,4,1
247,247,0,3,3,1,5,0
248,248,0,3,3,2,0,2
249,249,0,3,3,2,0,4
250,250,0,3,3,2,0,5
251,251,0,3,3,2,1,1
252,252,0,3,3,2,1,2
253,253,0,3,3,2,1,3
254,254,0,3,3,2,1,4
255,255,0,3,3,2,2,0
256,256,0,3,3,2,2,1
257,257,0,3,3,2,2,2
258,258,0,3,3,2,2,3
259,259,0,3,3,2,3,0
260,260,0,3,3,2,3,1
261,261,0,3,3,2,4,0
262,262,0,3,3,2,4,1
263,263,0,3,3,2,5,0
264,264,0,3,4,0,0,5
265,265,0,3,4,0,1,4
266,266,0,3,4,0,2,3
267,267,0,3,4,0,3,2
268,268,0,3,4,0,4,1
269,269,0,3,4,0,5,0
270,270,0,3,4,1,0,2
271,271,0,3,4,1,0,4
272,272,0,3,4,1,0,5
273,273,0,3,4,1,1,1
274,274,0,3,4,1,1,2
275,275,0,3,4,1,1,3
276,276,0,3,4,1,1,4
277,277,0,3,4,1,2,0
278,278,0,3,4,1,2,1
279,279,0,3,4,1,2,2
280,280,0,3,4,1,2,3
281,281,0,3,4,1,3,0
282,282,0,3,4,1,3,1
283,283,0,3,4,1,3,2
284,284,0,3,4,1,4,0
285,285,0,3,4,1,5,0
286,286,0,3,5,0,0,2
287,287,0,3,5,0,0,4
288,288,0,3,5,0,0,5
289,289,0,3,5,0,1,1
290,290,0,3,5,0,1,2
291,291,0,3,5,0,1,3
292,292,0,3,5,0,1,4
293,293,0,3,5,0,2,0
294,294,0,3,5,0,2,1
295,295,0,3,5,0,2,2
296,296,0,3,5,0,2,3
297,297,0,3,5,0,3,0
298,298,0,3,5,0,3,1
299,299,0,3,5,0,3,2
300,300,0,3,5,0,4,0
301,301,0,3,5,0,4,1
302,302,0,4,0,2,1,4
303,303,0,4,0,2,2,3
304,304,0,4,0,2,4,1
305,305,0,4,0,2,5,0
306,306,0,4,0,3,1,4
307,307,0,4,0,3,2,3
308,308,0,4,0,3,4,1
309,309,0,4,0,3,5,0
310,310,0,4,0,5,1,1
311,311,0,4,0,5,1,2
312,312,0,4,0,5,1,3
313,313,0,4,0,5,1,4
314,314,0,4,0,5,2,0
315,315,0,4,0,5,2,2
316,316,0,4,0,5,2,3
317,317,0,4,0,5,3,0
318,318,0,4,0,5,3,1
319,319,0,4,0,5,4,0
320,320,0,4,0,5,4,1
321,321,0,4,0,5,5,0
322,322,0,4,1,1,0,5
323,323,0,4,1,1,1,4
324,324,0,4,1,1,2,3
325,325,0,4,1,1,3,2
326,326,0,4,1,1,4,1
327,327,0,4,1,1,5,0
328,328,0,4,1,2,0,5
329,329,0,4,1,2,1,4
330,330,0,4,1,2,2,3
331,331,0,4,1,2,3,2
332,332,0,4,1,2,4,1
333,333,0,4,1,2,5,0
334,334,0,4,1,3,0,5
335,335,0,4,1,3,1,4
336,336,0,4,1,3,2,3
337,337,0,4,1,3,3,2
338,338,0,4,1,3,4,1
339,339,0,4,1,3,5,0
340,340,0,4,1,4,0,2
341,341,0,4,1,4,0,3
342,342,0,4,1,4,0,5
343,343,0,4,1,4,1,1
344,344,0,4,1,4,1,2
345,345,0,4,1,4,1,3
346,346,0,4,1,4,2,0
347,347,0,4,1,4,2,1
348,348,0,4,1,4,2,2
349,349,0,4,1,4,2,3
350,350,0,4,1,4,3,0
351,351,0,4,1,4,3,1
352,352,0,4,1,4,3,2
353,353,0,4,1,4,4,0
354,354,0,4,1,4,4,1
355,355,0,4,1,4,5,0
356,356,0,4,2,0,0,5
357,357,0,4,2,0,1,4
358,358,0,4,2,0,2,3
359,359,0,4,2,0,3,2
360,360,0,4,2,0,4,1
361,361,0,4,2,0,5,0
362,362,0,4,2,1,0,5
363,363,0,4,2,1,1,4
364,364,0,4,2,1,2,3
365,365,0,4,2,1,3,2
366,366,0,4,2,1,4,1
367,367,0,4,2,1,5,0
368,368,0,4,2,2,0,5
369,369,0,4,2,2,1,4
370,370,0,4,2,2,2,3
371,371,0,4,2,2,3,2
372,372,0,4,2,2,4,1
373,373,0,4,2,2,5,0
374,374,0,4,2,3,0,2
375,375,0,4,2,3,0,3
376,376,0,4,2,3,0,5
377,377,0,4,2,3,1,1
378,378,0,4,2,3,1,2
379,379,0,4,2,3,1,3
380,380,0,4,2,3,1,4
381,381,0,4,2,3,2,0
382,382,0,4,2,3,2,1
383,383,0,4,2,3,2,2
384,384,0,4,2,3,3,0
385,385,0,4,2,3,3,1
386,386,0,4,2,3,3,2
387,387,0,4,2,3,4,0
388,388,0,4,2,3,4,1
389,389,0,4,2,3,5,0
390,390,0,4,3,0,0,5
391,391,0,4,3,0,1,4
392,392,0,4,3,0,2,3
393,393,0,4,3,0,3,2
394,394,0,4,3,0,4,1
395,395,0,4,3,0,5,0
396,396,0,4,3,1,0,5
397,397,0,4,3,1,1,4
398,398,0,4,3,1,2,3
399,399,0,4,3,1,3,2
400,400,0,4,3,1,4,1
401,401,0,4,3,1,5,0
402,402,0,4,3,2,0,2
403,403,0,4,3,2,0,3
404,404,0,4,3,2,0,5
405,405,0,4,3,2,1,1
406,406,0,4,3,2,1,2
407,407,0,4,3,2,1,3
408,408,0,4,3,2,1,4
409,409,0,4,3,2,2,0
410,410,0,4,3,2,2,1
411,411,0,4,3,2,2,2
412,412,0,4,3,2,2,3
413,413,0,4,3,2,3,0
414,414,0,4,3,2,3,1
415,415,0,4,3,2,4,0
416,416,0,4,3,2,4,1
417,417,0,4,3,2,5,0
418,418,0,4,4,0,0,5
419,419,0,4,4,0,1,4
420,420,0,4,4,0,2,3
421,421,0,4,4,0,3,2
422,422,0,4,4,0,4,1
423,423,0,4,4,0,5,0
424,424,0,4,4,1,0,2
425,425,0,4,4,1,0,3
426,426,0,4,4,1,0,5
427,427,0,4,4,1,1,1
428,428,0,4,4,1,1,2
429,429,0,4,4,1,1,3
430,430,0,4,4,1,1,4
431,431,0,4,4,1,2,0
432,432,0,4,4,1,2,1
433,433,0,4,4,1,2,2
434,434,0,4,4,1,2,3
435,435,0,4,4,1,3,0
436,436,0,4,4,1,3,1
437,437,0,4,4,1,3,2
438,438,0,4,4,1,4,0
439,439,0,4,4,1,5,0
440,440,0,4,5,0,0,2
441,441,0,4,5,0,0,3
442,442,0,4,5,0,0,5
443,443,0,4,5,0,1,1
444,444,0,4,5,0,1,2
445,445,0,4,5,0,1,3
446,446,0,4,5,0,1,4
447,447,0,4,5,0,2,0
448,448,0,4,5,0,2,1
449,449,0,4,5,0,2,2
450,450,0,4,5,0,2,3
451,451,0,4,5,0,3,0
452,452,0,4,5,0,3,1
453,453,0,4,5,0,3,2
454,454,0,4,5,0,4,0
455,455,0,4,5,0,4,1
456,456,0,5,0,2,1,1
457,457,0,5,0,2,1,2
458,458,0,5,0,2,1,3
459,459,0,5,0,2,1,4
460,460,0,5,0,2,2,0
461,461,0,5,0,2,2,2
462,462,0,5,0,2,2,3
463,463,0,5,0,2,3,0
464,464,0,5,0,2,3,1
465,465,0,5,0,2,4,0
466,466,0,5,0,2,4,1
467,467,0,5,0,2,5,0
468,468,0,5,0,3,1,1
469,469,0,5,0,3,1,2
470,470,0,5,0,3,1,3
471,471,0,5,0,3,1,4
472,472,0,5,0,3,2,0
473,473,0,5,0,3,2,2
474,474,0,5,0,3,2,3
475,475,0,5,0,3,3,0
476,476,0,5,0,3,3,1
477,477,0,5,0,3,4,0
478,478,0,5,0,3,4,1
479,479,0,5,0,3,5,0
480,480,0,5,0,4,1,1
481,481,0,5,0,4,1,2
482,482,0,5,0,4,1,3
483,483,0,5,0,4,1,4
484,484,0,5,0,4,2,0
485,485,0,5,0,4,2,2
486,486,0,5,0,4,2,3
487,487,0,5,0,4,3,0
488,488,0,5,0,4,3,1
489,489,0,5,0,4,4,0
490,490,0,5,0,4,4,1
491,491,0,5,0,4,5,0
492,492,0,5,1,1,0,2
493,493,0,5,1,1,0,3
494,494,0,5,1,1,0,4
495,495,0,5,1,1,1,2
496,496,0,5,1,1,1,3
497,497,0,5,1,1,1,4
498,498,0,5,1,1,2,0
499,499,0,5,1,1,2,1
500,500,0,5,1,1,2,2
501,501,0,5,1,1,2,3
502,502,0,5,1,1,3,0
503,503,0,5,1,1,3,1
504,504,0,5,1,1,3,2
505,505,0,5,1,1,4,0
506,506,0,5,1,1,4,1
507,507,0,5,1,1,5,0
508,508,0,5,1,2,0,2
509,509,0,5,1,2,0,3
510,510,0,5,1,2,0,4
511,511,0,5,1,2,1,1
512,512,0,5,1,2,1,3
513,513,0,5,1,2,1,4
514,514,0,5,1,2,2,0
515,515,0,5,1,2,2,1
516,516,0,5,1,2,2,2
517,517,0,5,1,2,2,3
518,518,0,5,1,2,3,0
519,519,0,5,1,2,3,1
520,520,0,5,1,2,3,2
521,521,0,5,1,2,4,0
522,522,0,5,1,2,4,1
523,523,0,5,1,2,5,0
524,524,0,5,1,3,0,2
525,525,0,5,1,3,0,3
526,526,0,5,1,3,0,4
527,527,0,5,1,3,1,1
528,528,0,5,1,3,1,2
529,529,0,5,1,3,1,4
530,530,0,5,1,3,2,0
531,531,0,5,1,3,2,1
532,532,0,5,1,3,2,2
533,533,0,5,1,3,2,3
534,534,0,5,1,3,3,0
535,535,0,5,1,3,3,1
536,536,0,5,1,3,3,2
537,537,0,5,1,3,4,0
538,538,0,5,1,3,4,1
539,539,0,5,1,3,5,0
540,540,0,5,1,4,0,2
541,541,0,5,1,4,0,3
542,542,0,5,1,4,0,4
543,543,0,5,1,4,1,1
544,544,0,5,1,4,1,2
545,545,0,5,1,4,1,3
546,546,0,5,1,4,2,0
547,547,0,5,1,4,2,1
548,548,0,5,1,4,2,2
549,549,0,5,1,4,2,3
550,550,0,5,1,4,3,0
551,551,0,5,1,4,3,1
552,552,0,5,1,4,3,2
553,553,0,5,1,4,4,0
554,554,0,5,1,4,4,1
555,555,0,5,1,4,5,0
556,556,0,5,2,0,0,2
557,557,0,5,2,0,0,3
558,558,0,5,2,0,0,4
559,559,0,5,2,0,1,1
560,560,0,5,2,0,1,2
561,561,0,5,2,0,1,3
562,562,0,5,2,0,1,4
563,563,0,5,2,0,2,1
564,564,0,5,2,0,2,2
565,565,0,5,2,0,2,3
566,566,0,5,2,0,3,0
567,567,0,5,2,0,3,1
568,568,0,5,2,0,3,2
569,569,0,5,2,0,4,0
570,570,0,5,2,0,4,1
571,571,0,5,2,0,5,0
572,572,0,5,2,1,0,2
573,573,0,5,2,1,0,3
574,574,0,5,2,1,0,4
575,575,0,5,2,1,1,1
576,576,0,5,2,1,1,2
577,577,0,5,2,1,1,3
578,578,0,5,2,1,1,4
579,579,0,5,2,1,2,0
580,580,0,5,2,1,2,2
581,581,0,5,2,1,2,3
582,582,0,5,2,1,3,0
583,583,0,5,2,1,3,1
584,584,0,5,2,1,3,2
585,585,0,5,2,1,4,0
586,586,0,5,2,1,4,1
587,587,0,5,2,1,5,0
588,588,0,5,2,2,0,2
589,589,0,5,2,2,0,3
590,590,0,5,2,2,0,4
591,591,0,5,2,2,1,1
592,592,0,5,2,2,1,2
593,593,0,5,2,2,1,3
594,594,0,5,2,2,1,4
595,595,0,5,2,2,2,0
596,596,0,5,2,2,2,1
597,597,0,5,2,2,2,3
598,598,0,5,2,2,3,0
599,599,0,5,2,2,3,1
600,600,0,5,2,2,3,2
601,601,0,5,2,2,4,0
602,602,0,5,2,2,4,1
603,603,0,5,2,2,5,0
604,604,0,5,2,3,0,2
605,605,0,5,2,3,0,3
606,606,0,5,2,3,0,4
607,607,0,5,2,3,1,1
608,608,0,5,2,3,1,2
609,609,0,5,2,3,1,3
610,610,0,5,2,3,1,4
611,611,0,5,2,3,2,0
612,612,0,5,2,3,2,1
613,613,0,5,2,3,2,2
614,614,0,5,2,3,3,0
615,615,0,5,2,3,3,1
616,616,0,5,2,3,3,2
617,617,0,5,2,3,4,0
618,618,0,5,2,3,4,1
619,619,0,5,2,3,5,0
620,620,0,5,3,0,0,2
621,621,0,5,3,0,0,3
622,622,0,5,3,0,0,4
623,623,0,5,3,0,1,1
624,624,0,5,3,0,1,2
625,625,0,5,3,0,1,3
626,626,0,5,3,0,1,4
627,627,0,5,3,0,2,0
628,628,0,5,3,0,2,1
629,629,0,5,3,0,2,2
630,630,0,5,3,0,2,3
631,631,0,5,3,0,3,1
632,632,0,5,3,0,3,2
633,633,0,5,3,0,4,0
634,634,0,5,3,0,4,1
635,635,0,5,3,0,5,0
636,636,0,5,3,1,0,2
637,637,0,5,3,1,0,3
638,638,0,5,3,1,0,4
639,639,0,5,3,1,1,1
640,640,0,5,3,1,1,2
641,641,0,5,3,1,1,3
642,642,0,5,3,1,1,4
643,643,0,5,3,1,2,0
644,644,0,5,3,1,2,1
645,645,0,5,3,1,2,2
646,646,0,5,3,1,2,3
647,647,0,5,3,1,3,0
648,648,0,5,3,1,3,2
649,649,0,5,3,1,4,0
650,650,0,5,3,1,4,1
651,651,0,5,3,1,5,0
652,652,0,5,3,2,0,2
653,653,0,5,3,2,0,3
654,654,0,5,3,2,0,4
655,655,0,5,3,2,1,1
656,656,0,5,3,2,1,2
657,657,0,5,3,2,1,3
658,658,0,5,3,2,1,4
659,659,0,5,3,2,2,0
660,660,0,5,3,2,2,1
661,661,0,5,3,2,2,2
662,662,0,5,3,2,2,3
663,663,0,5,3,2,3,0
664,664,0,5,3,2,3,1
665,665,0,5,3,2,4,0
666,666,0,5,3,2,4,1
667,667,0,5,3,2,5,0
668,668,0,5,4,0,0,2
669,669,0,5,4,0,0,3
670,670,0,5,4,0,0,4
671,671,0,5,4,0,1,1
672,672,0,5,4,0,1,2
673,673,0,5,4,0,1,3
674,674,0,5,4,0,1,4
675,675,0,5,4,0,2,0
676,676,0,5,4,0,2,1
677,677,0,5,4,0,2,2
678,678,0,5,4,0,2,3
679,679,0,5,4,0,3,0
680,680,0,5,4,0,3,1
681,681,0,5,4,0,3,2
682,682,0,5,4,0,4,1
683,683,0,5,4,0,5,0
684,684,0,5,4,1,0,2
685,685,0,5,4,1,0,3
686,686,0,5,4,1,0,4
687,687,0,5,4,1,1,1
688,688,0,5,4,1,1,2
689,689,0,5,4,1,1,3
690,690,0,5,4,1,1,4
691,691,0,5,4,1,2,0
692,692,0,5,4,1,2,1
693,693,0,5,4,1,2,2
694,694,0,5,4,1,2,3
695,695,0,5,4,1,3,0
696,696,0,5,4,1,3,1
697,697,0,5,4,1,3,2
698,698,0,5,4,1,4,0
699,699,0,5,4,1,5,0
700,700,0,5,5,0,0,2
701,701,0,5,5,0,0,3
702,702,0,5,5,0,0,4
703,703,0,5,5,0,1,1
704,704,0,5,5,0,1,2
705,705,0,5,5,0,1,3
706,706,0,5,5,0,1,4
707,707,0,5,5,0,2,0
708,708,0,5,5,0,2,1
709,709,0,5,5,0,2,2
710,710,0,5,5,0,2,3
711,711,0,5,5,0,3,0
712,712,0,5,5,0,3,1
713,713,0,5,5,0,3,2
714,714,0,5,5,0,4,0
715,715,0,5,5,0,4,1
716,716,1,1,0,2,0,5
717,717,1,1,0,2,1,4
718,718,1,1,0,2,2,3
719,719,1,1,0,2,3,2
720,720,1,1,0,2,4,1
721,721,1,1,0,2,5,0
722,722,1,1,0,3,0,5
723,723,1,1,0,3,1,4
724,724,1,1,0,3,2,3
725,725,1,1,0,3,3,2
726,726,1,1,0,3,4,1
727,727,1,1,0,3,5,0
728,728,1,1,0,4,0,5
729,729,1,1,0,4,1,4
730,730,1,1,0,4,2,3
731,731,1,1,0,4,3,2
732,732,1,1,0,4,4,1
733,733,1,1,0,4,5,0
734,734,1,1,0,5,0,2
735,735,1,1,0,5,0,3
736,736,1,1,0,5,0,4
737,737,1,1,0,5,1,2
738,738,1,1,0,5,1,3
739,739,1,1,0,5,1,4
740,740,1,1,0,5,2,0
741,741,1,1,0,5,2,1
742,742,1,1,0,5,2,2
743,743,1,1,0,5,2,3
744,744,1,1,0,5,3,0
745,745,1,1,0,5,3,1
746,746,1,1,0,5,3,2
747,747,1,1,0,5,4,0
748,748,1,1,0,5,4,1
749,749,1,1,0,5,5,0
750,750,1,1,1,2,0,5
751,751,1,1,1,2,2,3
752,752,1,1,1,2,4,1
753,753,1,1,1,2,5,0
754,754,1,1,1,3,0,5
755,755,1,1,1,3,2,3
756,756,1,1,1,3,4,1
757,757,1,1,1,3,5,0
758,758,1,1,1,4,0,2
759,759,1,1,1,4,0,3
760,760,1,1,1,4,0,4
761,761,1,1,1,4,0,5
762,762,1,1,1,4,2,0
763,763,1,1,1,4,2,2
764,764,1,1,1,4,2,3
765,765,1,1,1,4,3,0
766,766,1,1,1,4,3,1
767,767,1,1,1,4,4,0
768,768,1,1,1,4,4,1
769,769,1,1,1,4,5,0
770,770,1,1,2,0,0,5
771,771,1,1,2,0,1,4
772,772,1,1,2,0,2,3
773,773,1,1,2,0,3,2
774,774,1,1,2,0,4,1
775,775,1,1,2,0,5,0
776,776,1,1,2,1,0,5
777,777,1,1,2,1,1,4
778,778,1,1,2,1,2,3
779,779,1,1,2,1,3,2
780,780,1,1,2,1,5,0
781,781,1,1,2,2,0,5
782,782,1,1,2,2,1,4
783,783,1,1,2,2,2,3
784,784,1,1,2,2,3,2
785,785,1,1,2,2,4,1
786,786,1,1,2,2,5,0
787,787,1,1,2,3,0,2
788,788,1,1,2,3,0,3
789,789,1,1,2,3,0,4
790,790,1,1,2,3,0,5
791,791,1,1,2,3,1,2
792,792,1,1,2,3,1,3
793,793,1,1,2,3,1,4
794,794,1,1,2,3,2,0
795,795,1,1,2,3,2,1
796,796,1,1,2,3,2,2
797,797,1,1,2,3,3,0
798,798,1,1,2,3,3,1
799,799,1,1,2,3,3,2
800,800,1,1,2,3,4,0
801,801,1,1,2,3,4,1
802,802,1,1,2,3,5,0
803,803,1,1,3,0,0,5
804,804,1,1,3,0,1,4
805,805,1,1,3,0,2,3
806,806,1,1,3,0,3,2
807,807,1,1,3,0,4,1
808,808,1,1,3,0,5,0
809,809,1,1,3,1,0,5
810,810,1,1,3,1,1,4
811,811,1,1,3,1,2,3
812,812,1,1,3,1,3,2
813,813,1,1,3,1,5,0
814,814,1,1,3,2,0,2
815,815,1,1,3,2,0,3
816,816,1,1,3,2,0,4
817,817,1,1,3,2,0,5
818,818,1,1,3,2,1,2
819,819,1,1,3,2,1,3
820,820,1,1,3,2,1,4
821,821,1,1,3,2,2,0
822,822,1,1,3,2,2,1
823,823,1,1,3,2,2,2
824,824,1,1,3,2,2,3
825,825,1,1,3,2,3,0
826,826,1,1,3,2,3,1
827,827,1,1,3,2,4,0
828,828,1,1,3,2,4,1
829,829,1,1,3,2,5,0
830,830,1,1,4,0,0,5
831,831,1,1,4,0,1,4
832,832,1,1,4,0,2,3
833,833,1,1,4,0,3,2
834,834,1,1,4,0,4,1
835,835,1,1,4,0,5,0
836,836,1,1,4,1,0,2
837,837,1,1,4,1,0,3
838,838,1,1,4,1,0,4
839,839,1,1,4,1,0,5
840,840,1,1,4,1,1,2
841,841,1,1,4,1,1,3
842,842,1,1,4,1,1,4
843,843,1,1,4,1,2,0
844,844,1,1,4,1,2,2
845,845,1,1,4,1,2,3
846,846,1,1,4,1,3,0
847,847,1,1,4,1,3,2
848,848,1,1,4,1,4,0
849,849,1,1,4,1,5,0
850,850,1,1,5,0,0,2
851,851,1,1,5,0,0,3
852,852,1,1,5,0,0,4
853,853,1,1,5,0,0,5
854,854,1,1,5,0,1,2
855,855,1,1,5,0,1,3
856,856,1,1,5,0,1,4
857,857,1,1,5,0,2,0
858,858,1,1,5,0,2,1
859,859,1,1,5,0,2,2
860,860,1,1,5,0,2,3
861,861,1,1,5,0,3,0
862,862,1,1,5,0,3,1
863,863,1,1,5,0,3,2
864,864,1,1,5,0,4,0
865,865,1,1,5,0,4,1
866,866,1,2,0,2,0,5
867,867,1,2,0,2,1,4
868,868,1,2,0,2,2,3
869,869,1,2,0,2,4,1
870,870,1,2,0,2,5,0
871,871,1,2,0,3,0,5
872,872,1,2,0,3,1,4
873,873,1,2,0,3,2,3
874,874,1,2,0,3,3,2
875,875,1,2,0,3,4,1
876,876,1,2,0,3,5,0
877,877,1,2,0,4,0,5
878,878,1,2,0,4,1,4
879,879,1,2,0,4,2,3
880,880,1,2,0,4,3,2
881,881,1,2,0,4,4,1
882,882,1,2,0,4,5,0
883,883,1,2,0,5,0,2
884,884,1,2,0,5,0,3
885,885,1,2,0,5,0,4
886,886,1,2,0,5,1,1
887,887,1,2,0,5,1,3
888,888,1,2,0,5,1,4
889,889,1,2,0,5,2,0
890,890,1,2,0,5,2,1
891,891,1,2,0,5,2,2
892,892,1,2,0,5,2,3
893,893,1,2,0,5,3,0
894,894,1,2,0,5,3,1
895,895,1,2,0,5,3,2
896,896,1,2,0,5,4,0
897,897,1,2,0,5,4,1
898,898,1,2,0,5,5,0
899,899,1,2,1,1,0,5
900,900,1,2,1,1,2,3
901,901,1,2,1,1,4,1
902,902,1,2,1,1,5,0
903,903,1,2,1,3,0,5
904,904,1,2,1,3,2,3
905,905,1,2,1,3,4,1
906,906,1,2,1,3,5,0
907,907,1,2,1,4,0,2
908,908,1,2,1,4,0,3
909,909,1,2,1,4,0,4
910,910,1,2,1,4,0,5
911,911,1,2,1,4,2,0
912,912,1,2,1,4,2,2
913,913,1,2,1,4,2,3
914,914,1,2,1,4,3,0
915,915,1,2,1,4,3,1
916,916,1,2,1,4,4,0
917,917,1,2,1,4,4,1
918,918,1,2,1,4,5,0
919,919,1,2,2,0,0,5
920,920,1,2,2,0,1,4
921,921,1,2,2,0,2,3
922,922,1,2,2,0,3,2
923,923,1,2,2,0,4,1
924,924,1,2,2,0,5,0
925,925,1,2,2,1,0,5
926,926,1,2,2,1,1,4
927,927,1,2,2,1,2,3
928,928,1,2,2,1,3,2
929,929,1,2,2,1,4,1
930,930,1,2,2,1,5,0
931,931,1,2,2,2,0,5
932,932,1,2,2,2,1,4
933,933,1,2,2,2,2,3
934,934,1,2,2,2,4,1
935,935,1,2,2,2,5,0
936,936,1,2,2,3,0,2
937,937,1,2,2,3,0,3
938,938,1,2,2,3,0,4
939,939,1,2,2,3,0,5
940,940,1,2,2,3,1,1
941,941,1,2,2,3,1,3
942,942,1,2,2,3,1,4
943,943,1,2,2,3,2,0
944,944,1,2,2,3,2,1
945,945,1,2,2,3,2,2
946,946,1,2,2,3,3,0
947,947,1,2,2,3,3,1
948,948,1,2,2,3,3,2
949,949,1,2,2,3,4,0
950,950,1,2,2,3,4,1
951,951,1,2,2,3,5,0
952,952,1,2,3,0,0,5
953,953,1,2,3,0,1,4
954,954,1,2,3,0,2,3
955,955,1,2,3,0,3,2
956,956,1,2,3,0,4,1
957,957,1,2,3,0,5,0
958,958,1,2,3,1,0,5
959,959,1,2,3,1,1,4
960,960,1,2,3,1,2,3
961,961,1,2,3,1,3,2
962,962,1,2,3,1,4,1
963,963,1,2,3,1,5,0
964,964,1,2,3,2,0,3
965,965,1,2,3,2,0,4
966,966,1,2,3,2,0,5
967,967,1,2,3,2,1,1
968,968,1,2,3,2,1,3
969,969,1,2,3,2,1,4
970,970,1,2,3,2,2,0
971,971,1,2,3,2,2,1
972,972,1,2,3,2,2,3
973,973,1,2,3,2,3,0
974,974,1,2,3,2,3,1
975,975,1,2,3,2,4,0
976,976,1,2,3,2,4,1
977,977,1,2,3,2,5,0
978,978,1,2,4,0,0,5
979,979,1,2,4,0,1,4
980,980,1,2,4,0,2,3
981,981,1,2,4,0,3,2
982,982,1,2,4,0,4,1
983,983,1,2,4,0,5,0
984,984,1,2,4,1,0,2
985,985,1,2,4,1,0,3
986,986,1,2,4,1,0,4
987,987,1,2,4,1,0,5
988,988,1,2,4,1,1,1
989,989,1,2,4,1,1,3
990,990,1,2,4,1,1,4
991,991,1,2,4,1,2,0
992,992,1,2,4,1,2,1
993,993,1,2,4,1,2,2
994,994,1,2,4,1,2,3
995,995,1,2,4,1,3,0
996,996,1,2,4,1,3,1
997,997,1,2,4,1,3,2
998,998,1,2,4,1,4,0
999,999,1,2,4,1,5,0
1000,1000,1,2,5,0,0,2
1001,1001,1,2,5,0,0,3
1002,1002,1,2,5,0,0,4
1003,1003,1,2,5,0,0,5
1004,1004,1,2,5,0,1,1
1005,1005,1,2,5,0,1,3
1006,1006,1,2,5,0,1,4
1007,1007,1,2,5,0,2,0
1008,1008,1,2,5,0,2,1
1009,1009,1,2,5,0,2,2
1010,1010,1,2,5,0,2,3
1011,1011,1,2,5,0,3,0
1012,1012,1,2,5,0,3,1
1013,1013,1,2,5,0,3,2
1014,1014,1,2,5,0,4,0
1015,1015,1,2,5,0,4,1
1016,1016,1,3,0,2,0,5
1017,1017,1,3,0,2,1,4
1018,1018,1,3,0,2,2,3
1019,1019,1,3,0,2,3,2
1020,1020,1,3,0,2,4,1
1021,1021,1,3,0,2,5,0
1022,1022,1,3,0,3,0,5
1023,1023,1,3,0,3,1,4
1024,1024,1,3,0,3,3,2
1025,1025,1,3,0,3,4,1
1026,1026,1,3,0,3,5,0
1027,1027,1,3,0,4,0,5
1028,1028,1,3,0,4,1,4
1029,1029,1,3,0,4,2,3
1030,1030,1,3,0,4,3,2
1031,1031,1,3,0,4,4,1
1032,1032,1,3,0,4,5,0
1033,1033,1,3,0,5,0,2
1034,1034,1,3,0,5,0,3
1035,1035,1,3,0,5,0,4
1036,1036,1,3,0,5,1,1
1037,1037,1,3,0,5,1,2
1038,1038,1,3,0,5,1,4
1039,1039,1,3,0,5,2,0
1040,1040,1,3,0,5,2,1
1041,1041,1,3,0,5,2,2
1042,1042,1,3,0,5,2,3
1043,1043,1,3,0,5,3,0
1044,1044,1,3,0,5,3,1
1045,1045,1,3,0,5,3,2
1046,1046,1,3,0,5,4,0
1047,1047,1,3,0,5,4,1
1048,1048,1,3,0,5,5,0
1049,1049,1,3,1,1,0,5
1050,1050,1,3,1,1,2,3
1051,1051,1,3,1,1,4,1
1052,1052,1,3,1,1,5,0
1053,1053,1,3,1,2,0,5
1054,1054,1,3,1,2,2,3
1055,1055,1,3,1,2,4,1
1056,1056,1,3,1,2,5,0
1057,1057,1,3,1,4,0,2
1058,1058,1,3,1,4,0,3
1059,1059,1,3,1,4,0,4
1060,1060,1,3,1,4,0,5
1061,1061,1,3,1,4,2,0
1062,1062,1,3,1,4,2,2
1063,1063,1,3,1,4,2,3
1064,1064,1,3,1,4,3,0
1065,1065,1,3,1,4,3,1
1066,1066,1,3,1,4,4,0
1067,1067,1,3,1,4,4,1
1068,1068,1,3,1,4,5,0
1069,1069,1,3,2,0,0,5
1070,1070,1,3,2,0,1,4
1071,1071,1,3,2,0,2,3
1072,1072,1,3,2,0,3,2
1073,1073,1,3,2,0,4,1
1074,1074,1,3,2,0,5,0
1075,1075,1,3,2,1,0,5
1076,1076,1,3,2,1,1,4
1077,1077,1,3,2,1,2,3
1078,1078,1,3,2,1,3,2
1079,1079,1,3,2,1,4,1
1080,1080,1,3,2,1,5,0
1081,1081,1,3,2,2,0,5
1082,1082,1,3,2,2,1,4
1083,1083,1,3,2,2,2,3
1084,1084,1,3,2,2,3,2
1085,1085,1,3,2,2,4,1
1086,1086,1,3,2,2,5,0
1087,1087,1,3,2,3,0,2
1088,1088,1,3,2,3,0,4
1089,1089,1,3,2,3,0,5
1090,1090,1,3,2,3,1,1
1091,1091,1,3,2,3,1,2
1092,1092,1,3,2,3,1,4
1093,1093,1,3,2,3,2,0
1094,1094,1,3,2,3,2,1
1095,1095,1,3,2,3,2,2
1096,1096,1,3,2,3,3,0
1097,1097,1,3,2,3,3,1
1098,1098,1,3,2,3,3,2
1099,1099,1,3,2,3,4,0
1100,1100,1,3,2,3,4,1
1101,1101,1,3,2,3,5,0
1102,1102,1,3,3,0,0,5
1103,1103,1,3,3,0,1,4
1104,1104,1,3,3,0,2,3
1105,1105,1,3,3,0,3,2
1106,1106,1,3,3,0,4,1
1107,1107,1,3,3,0,5,0
1108,1108,1,3,3,1,0,5
1109,1109,1,3,3,1,1,4
1110,1110,1,3,3,1,2,3
1111,1111,1,3,3,1,3,2
1112,1112,1,3,3,1,4,1
1113,1113,1,3,3,1,5,0
1114,1114,1,3,3,2,0,2
1115,1115,1,3,3,2,0,3
1116,1116,1,3,3,2,0,4
1117,1117,1,3,3,2,0,5
1118,1118,1,3,3,2,1,1
1119,1119,1,3,3,2,1,2
1120,1120,1,3,3,2,1,4
1121,1121,1,3,3,2,2,0
1122,1122,1,3,3,2,2,1
1123,1123,1,3,3,2,2,2
1124,1124,1,3,3,2,2,3
1125,1125,1,3,3,2,3,0
1126,1126,1,3,3,2,3,1
1127,1127,1,3,3,2,4,0
1128,1128,1,3,3,2,4,1
1129,1129,1,3,3,2,5,0
1130,1130,1,3,4,0,0,5
1131,1131,1,3,4,0,1,4
1132,1132,1,3,4,0,2,3
1133,1133,1,3,4,0,3,2
1134,1134,1,3,4,0,4,1
1135,1135,1,3,4,0,5,0
1136,1136,1,3,4,1,0,2
1137,1137,1,3,4,1,0,3
1138,1138,1,3,4,1,0,4
1139,1139,1,3,4,1,0,5
1140,1140,1,3,4,1,1,1
1141,1141,1,3,4,1,1,2
1142,1142,1,3,4,1,1,4
1143,1143,1,3,4,1,2,0
1144,1144,1,3,4,1,2,1
1145,1145,1,3,4,1,2,2
1146,1146,1,3,4,1,2,3
1147,1147,1,3,4,1,3,0
1148,1148,1,3,4,1,3,1
1149,1149,1,3,4,1,3,2
1150,1150,1,3,4,1,4,0
1151,1151,1,3,4,1,5,0
1152,1152,1,3,5,0,0,2
1153,1153,1,3,5,0,0,3
1154,1154,1,3,5,0,0,4
1155,1155,1,3,5,0,0,5
1156,1156,1,3,5,0,1,1
1157,1157,1,3,5,0,1,2
1158,1158,1,3,5,0,1,4
1159,1159,1,3,5,0,2,0
1160,1160,1,3,5,0,2,1
1161,1161,1,3,5,0,2,2
1162,1162,1,3,5,0,2,3
1163,1163,1,3,5,0,3,0
1164,1164,1,3,5,0,3,1
1165,1165,1,3,5,0,3,2
1166,1166,1,3,5,0,4,0
1167,1167,1,3,5,0,4,1
1168,1168,1,4,0,2,0,3
1169,1169,1,4,0,2,0,4
1170,1170,1,4,0,2,0,5
1171,1171,1,4,0,2,1,1
1172,1172,1,4,0,2,1,2
1173,1173,1,4,0,2,1,3
1174,1174,1,4,0,2,2,0
1175,1175,1,4,0,2,2,1
1176,1176,1,4,0,2,2,2
1177,1177,1,4,0,2,2,3
1178,1178,1,4,0,2,3,0
1179,1179,1,4,0,2,3,1
1180,1180,1,4,0,2,3,2
1181,1181,1,4,0,2,4,0
1182,1182,1,4,0,2,4,1
1183,1183,1,4,0,2,5,0
1184,1184,1,4,0,3,0,2
1185,1185,1,4,0,3,0,4
1186,1186,1,4,0,3,0,5
1187,1187,1,4,0,3,1,1
1188,1188,1,4,0,3,1,2
1189,1189,1,4,0,3,1,3
1190,1190,1,4,0,3,2,0
1191,1191,1,4,0,3,2,1
1192,1192,1,4,0,3,2,2
1193,1193,1,4,0,3,2,3
1194,1194,1,4,0,3,3,0
1195,1195,1,4,0,3,3,1
1196,1196,1,4,0,3,3,2
1197,1197,1,4,0,3,4,0
1198,1198,1,4,0,3,4,1
1199,1199,1,4,0,3,5,0
1200,1200,1,4,0,4,0,2
1201,1201,1,4,0,4,0,3
1202,1202,1,4,0,4,0,5
1203,1203,1,4,0,4,1,1
1204,1204,1,4,0,4,1,2
1205,1205,1,4,0,4,1,3
1206,1206,1,4,0,4,2,0
1207,1207,1,4,0,4,2,1
1208,1208,1,4,0,4,2,2
1209,1209,1,4,0,4,2,3
1210,1210,1,4,0,4,3,0
1211,1211,1,4,0,4,3,1
1212,1212,1,4,0,4,3,2
1213,1213,1,4,0,4,4,0
1214,1214,1,4,0,4,4,1
1215,1215,1,4,0,4,5,0
1216,1216,1,4,0,5,0,2
1217,1217,1,4,0,5,0,3
1218,1218,1,4,0,5,0,4
1219,1219,1,4,0,5,1,1
1220,1220,1,4,0,5,1,2
1221,1221,1,4,0,5,1,3
1222,1222,1,4,0,5,2,0
1223,1223,1,4,0,5,2,1
1224,1224,1,4,0,5,2,2
1225,1225,1,4,0,5,2,3
1226,1226,1,4,0,5,3,0
1227,1227,1,4,0,5,3,1
1228,1228,1,4,0,5,3,2
1229,1229,1,4,0,5,4,0
1230,1230,1,4,0,5,4,1
1231,1231,1,4,0,5,5,0
1232,1232,1,4,1,1,0,2
1233,1233,1,4,1,1,0,3
1234,1234,1,4,1,1,0,4
1235,1235,1,4,1,1,0,5
1236,1236,1,4,1,1,2,0
1237,1237,1,4,1,1,2,2
1238,1238,1,4,1,1,2,3
1239,1239,1,4,1,1,3,0
1240,1240,1,4,1,1,3,1
1241,1241,1,4,1,1,4,0
1242,1242,1,4,1,1,4,1
1243,1243,1,4,1,1,5,0
1244,1244,1,4,1,2,0,2
1245,1245,1,4,1,2,0,3
1246,1246,1,4,1,2,0,4
1247,1247,1,4,1,2,0,5
1248,1248,1,4,1,2,2,0
1249,1249,1,4,1,2,2,2
1250,1250,1,4,1,2,2,3
1251,1251,1,4,1,2,3,0
1252,1252,1,4,1,2,3,1
1253,1253,1,4,1,2,4,0
1254,1254,1,4,1,2,4,1
1255,1255,1,4,1,2,5,0
1256,1256,1,4,1,3,0,2
1257,1257,1,4,1,3,0,3
1258,1258,1,4,1,3,0,4
1259,1259,1,4,1,3,0,5
1260,1260,1,4,1,3,2,0
1261,1261,1,4,1,3,2,2
1262,1262,1,4,1,3,2,3
1263,1263,1,4,1,3,3,0
1264,1264,1,4,1,3,3,1
1265,1265,1,4,1,3,4,0
1266,1266,1,4,1,3,4,1
1267,1267,1,4,1,3,5,0
1268,1268,1,4,2,0,0,2
1269,1269,1,4,2,0,0,3
1270,1270,1,4,2,0,0,4
1271,1271,1,4,2,0,0,5
1272,1272,1,4,2,0,1,1
1273,1273,1,4,2,0,1,2
1274,1274,1,4,2,0,1,3
1275,1275,1,4,2,0,2,1
1276,1276,1,4,2,0,2,2
1277,1277,1,4,2,0,2,3
1278,1278,1,4,2,0,3,0
1279,1279,1,4,2,0,3,1
1280,1280,1,4,2,0,3,2
1281,1281,1,4,2,0,4,0
1282,1282,1,4,2,0,4,1
1283,1283,1,4,2,0,5,0
1284,1284,1,4,2,1,0,2
1285,1285,1,4,2,1,0,3
1286,1286,1,4,2,1,0,4
1287,1287,1,4,2,1,0,5
1288,1288,1,4,2,1,1,1
1289,1289,1,4,2,1,1,2
1290,1290,1,4,2,1,1,3
1291,1291,1,4,2,1,2,0
1292,1292,1,4,2,1,2,2
1293,1293,1,4,2,1,2,3
1294,1294,1,4,2,1,3,0
1295,1295,1,4,2,1,3,1
1296,1296,1,4,2,1,3,2
1297,1297,1,4,2,1,4,0
1298,1298,1,4,2,1,4,1
1299,1299,1,4,2,1,5,0
1300,1300,1,4,2,2,0,2
1301,1301,1,4,2,2,0,3
1302,1302,1,4,2,2,0,4
1303,1303,1,4,2,2,0,5
1304,1304,1,4,2,2,1,1
1305,1305,1,4,2,2,1,2
1306,1306,1,4,2,2,1,3
1307,1307,1,4,2,2,2,0
1308,1308,1,4,2,2,2,1
1309,1309,1,4,2,2,2,3
1310,1310,1,4,2,2,3,0
1311,1311,1,4,2,2,3,1
1312,1312,1,4,2,2,3,2
1313,1313,1,4,2,2,4,0
1314,1314,1,4,2,2,4,1
1315,1315,1,4,2,2,5,0
1316,1316,1,4,2,3,0,2
1317,1317,1,4,2,3,0,3
1318,1318,1,4,2,3,0,4
1319,1319,1,4,2,3,0,5
1320,1320,1,4,2,3,1,1
1321,1321,1,4,2,3,1,2
1322,1322,1,4,2,3,1,3
1323,1323,1,4,2,3,2,0
1324,1324,1,4,2,3,2,1
1325,1325,1,4,2,3,2,2
1326,1326,1,4,2,3,3,0
1327,1327,1,4,2,3,3,1
1328,1328,1,4,2,3,3,2
1329,1329,1,4,2,3,4,0
1330,1330,1,4,2,3,4,1
1331,1331,1,4,2,3,5,0
1332,1332,1,4,3,0,0,2
1333,1333,1,4,3,0,0,3
1334,1334,1,4,3,0,0,4
1335,1335,1,4,3,0,0,5
1336,1336,1,4,3,0,1,1
1337,1337,1,4,3,0,1,2
1338,1338,1,4,3,0,1,3
1339,1339,1,4,3,0,2,0
1340,1340,1,4,3,0,2,1
1341,1341,1,4,3,0,2,2
1342,1342,1,4,3,0,2,3
1343,1343,1,4,3,0,3,1
1344,1344,1,4,3,0,3,2
1345,1345,1,4,3,0,4,0
1346,1346,1,4,3,0,4,1
1347,1347,1,4,3,0,5,0
1348,1348,1,4,3,1,0,2
1349,1349,1,4,3,1,0,3
1350,1350,1,4,3,1,0,4
1351,1351,1,4,3,1,0,5
1352,1352,1,4,3,1,1,1
1353,1353,1,4,3,1,1,2
1354,1354,1,4,3,1,1,3
1355,1355,1,4,3,1,2,0
1356,1356,1,4,3,1,2,1
1357,1357,1,4,3,1,2,2
1358,1358,1,4,3,1,2,3
1359,1359,1,4,3,1,3,0
1360,1360,1,4,3,1,3,2
1361,1361,1,4,3,1,4,0
1362,1362,1,4,3,1,4,1
1363,1363,1,4,3,1,5,0
1364,1364,1,4,3,2,0,2
1365,1365,1,4,3,2,0,3
1366,1366,1,4,3,2,0,4
1367,1367,1,4,3,2,0,5
1368,1368,1,4,3,2,1,1
1369,1369,1,4,3,2,1,2
1370,1370,1,4,3,2,1,3
1371,1371,1,4,3,2,2,0
1372,1372,1,4,3,2,2,1
1373,1373,1,4,3,2,2,2
1374,1374,1,4,3,2,2,3
1375,1375,1,4,3,2,3,0
1376,1376,1,4,3,2,3,1
1377,1377,1,4,3,2,4,0
1378,1378,1,4,3,2,4,1
1379,1379,1,4,3,2,5,0
1380,1380,1,4,4,0,0,2
1381,1381,1,4,4,0,0,3
1382,1382,1,4,4,0,0,4
1383,1383,1,4,4,0,0,5
1384,1384,1,4,4,0,1,1
1385,1385,1,4,4,0,1,2
1386,1386,1,4,4,0,1,3
1387,1387,1,4,4,0,2,0
1388,1388,1,4,4,0,2,1
1389,1389,1,4,4,0,2,2
1390,1390,1,4,4,0,2,3
1391,1391,1,4,4,0,3,0
1392,1392,1,4,4,0,3,1
1393,1393,1,4,4,0,3,2
1394,1394,1,4,4,0,4,1
1395,1395,1,4,4,0,5,0
1396,1396,1,4,4,1,0,2
1397,1397,1,4,4,1,0,3
1398,1398,1,4,4,1,0,4
1399,1399,1,4,4,1,0,5
1400,1400,1,4,4,1,1,1
1401,1401,1,4,4,1,1,2
1402,1402,1,4,4,1,1,3
1403,1403,1,4,4,1,2,0
1404,1404,1,4,4,1,2,1
1405,1405,1,4,4,1,2,2
1406,1406,1,4,4,1,2,3
1407,1407,1,4,4,1,3,0
1408,1408,1,4,4,1,3,1
1409,1409,1,4,4,1,3,2
1410,1410,1,4,4,1,4,0
1411,1411,1,4,4,1,5,0
1412,1412,1,4,5,0,0,2
1413,1413,1,4,5,0,0,3
1414,1414,1,4,5,0,0,4
1415,1415,1,4,5,0,0,5
1416,1416,1,4,5,0,1,1
1417,1417,1,4,5,0,1,2
1418,1418,1,4,5,0,1,3
1419,1419,1,4,5,0,2,0
1420,1420,1,4,5,0,2,1
1421,1421,1,4,5,0,2,2
1422,1422,1,4,5,0,2,3
1423,1423,1,4,5,0,3,0
1424,1424,1,4,5,0,3,1
1425,1425,1,4,5,0,3,2
1426,1426,1,4,5,0,4,0
1427,1427,1,4,5,0,4,1
1428,1428,2,0,0,2,0,5
1429,1429,2,0,0,2,1,4
1430,1430,2,0,0,2,2,3
1431,1431,2,0,0,2,3,2
1432,1432,2,0,0,2,4,1
1433,1433,2,0,0,2,5,0
1434,1434,2,0,0,3,0,5
1435,1435,2,0,0,3,1,4
1436,1436,2,0,0,3,2,3
1437,1437,2,0,0,3,3,2
1438,1438,2,0,0,3,4,1
1439,1439,2,0,0,3,5,0
1440,1440,2,0,0,4,0,5
1441,1441,2,0,0,4,1,4
1442,1442,2,0,0,4,2,3
1443,1443,2,0,0,4,3,2
1444,1444,2,0,0,4,4,1
1445,1445,2,0,0,4,5,0
1446,1446,2,0,0,5,0,2
1447,1447,2,0,0,5,0,3
1448,1448,2,0,0,5,0,4
1449,1449,2,0,0,5,1,1
1450,1450,2,0,0,5,1,2
1451,1451,2,0,0,5,1,3
1452,1452,2,0,0,5,1,4
1453,1453,2,0,0,5,2,1
1454,1454,2,0,0,5,2,2
1455,1455,2,0,0,5,2,3
1456,1456,2,0,0,5,3,0
1457,1457,2,0,0,5,3,1
1458,1458,2,0,0,5,3,2
1459,1459,2,0,0,5,4,0
1460,1460,2,0,0,5,4,1
1461,1461,2,0,0,5,5,0
1462,1462,2,0,1,1,0,5
1463,1463,2,0,1,1,1,4
1464,1464,2,0,1,1,2,3
1465,1465,2,0,1,1,3,2
1466,1466,2,0,1,1,4,1
1467,1467,2,0,1,1,5,0
1468,1468,2,0,1,2,0,5
1469,1469,2,0,1,2,1,4
1470,1470,2,0,1,2,2,3
1471,1471,2,0,1,2,3,2
1472,1472,2,0,1,2,4,1
1473,1473,2,0,1,2,5,0
1474,1474,2,0,1,3,0,5
1475,1475,2,0,1,3,1,4
1476,1476,2,0,1,3,2,3
1477,1477,2,0,1,3,3,2
1478,1478,2,0,1,3,4,1
1479,1479,2,0,1,3,5,0
1480,1480,2,0,1,4,0,2
1481,1481,2,0,1,4,0,3
1482,1482,2,0,1,4,0,4
1483,1483,2,0,1,4,0,5
1484,1484,2,0,1,4,1,1
1485,1485,2,0,1,4,1,2
1486,1486,2,0,1,4,1,3
1487,1487,2,0,1,4,2,1
1488,1488,2,0,1,4,2,2
1489,1489,2,0,1,4,2,3
1490,1490,2,0,1,4,3,0
1491,1491,2,0,1,4,3,1
1492,1492,2,0,1,4,3,2
1493,1493,2,0,1,4,4,0
1494,1494,2,0,1,4,4,1
1495,1495,2,0,1,4,5,0
1496,1496,2,0,2,1,0,5
1497,1497,2,0,2,1,1,4
1498,1498,2,0,2,1,4,1
1499,1499,2,0,2,1,5,0
1500,1500,2,0,2,2,0,5
1501,1501,2,0,2,2,1,4
1502,1502,2,0,2,2,4,1
1503,1503,2,0,2,2,5,0
1504,1504,2,0,2,3,0,2
1505,1505,2,0,2,3,0,3
1506,1506,2,0,2,3,0,4
1507,1507,2,0,2,3,0,5
1508,1508,2,0,2,3,1,1
1509,1509,2,0,2,3,1,2
1510,1510,2,0,2,3,1,3
1511,1511,2,0,2,3,1,4
1512,1512,2,0,2,3,3,0
1513,1513,2,0,2,3,3,1
1514,1514,2,0,2,3,4,0
1515,1515,2,0,2,3,4,1
1516,1516,2,0,2,3,5,0
1517,1517,2,0,3,0,0,5
1518,1518,2,0,3,0,1,4
1519,1519,2,0,3,0,2,3
1520,1520,2,0,3,0,3,2
1521,1521,2,0,3,0,4,1
1522,1522,2,0,3,1,0,5
1523,1523,2,0,3,1,1,4
1524,1524,2,0,3,1,2,3
1525,1525,2,0,3,1,3,2
1526,1526,2,0,3,1,4,1
1527,1527,2,0,3,1,5,0
1528,1528,2,0,3,2,0,2
1529,1529,2,0,3,2,0,3
1530,1530,2,0,3,2,0,4
1531,1531,2,0,3,2,0,5
1532,1532,2,0,3,2,1,1
1533,1533,2,0,3,2,1,2
1534,1534,2,0,3,2,1,3
1535,1535,2,0,3,2,1,4
1536,1536,2,0,3,2,2,1
1537,1537,2,0,3,2,2,2
1538,1538,2,0,3,2,2,3
1539,1539,2,0,3,2,3,0
1540,1540,2,0,3,2,3,1
1541,1541,2,0,3,2,4,0
1542,1542,2,0,3,2,4,1
1543,1543,2,0,3,2,5,0
1544,1544,2,0,4,0,0,5
1545,1545,2,0,4,0,1,4
1546,1546,2,0,4,0,2,3
1547,1547,2,0,4,0,3,2
1548,1548,2,0,4,0,4,1
1549,1549,2,0,4,1,0,2
1550,1550,2,0,4,1,0,3
1551,1551,2,0,4,1,0,4
1552,1552,2,0,4,1,0,5
1553,1553,2,0,4,1,1,1
1554,1554,2,0,4,1,1,2
1555,1555,2,0,4,1,1,3
1556,1556,2,0,4,1,1,4
1557,1557,2,0,4,1,2,1
1558,1558,2,0,4,1,2,2
1559,1559,2,0,4,1,2,3
1560,1560,2,0,4,1,3,0
1561,1561,2,0,4,1,3,1
1562,1562,2,0,4,1,3,2
1563,1563,2,0,4,1,4,0
1564,1564,2,0,4,1,5,0
1565,1565,2,0,5,0,0,2
1566,1566,2,0,5,0,0,3
1567,1567,2,0,5,0,0,4
1568,1568,2,0,5,0,0,5
1569,1569,2,0,5,0,1,1
1570,1570,2,0,5,0,1,2
1571,1571,2,0,5,0,1,3
1572,1572,2,0,5,0,1,4
1573,1573,2,0,5,0,2,1
1574,1574,2,0,5,0,2,2
1575,1575,2,0,5,0,2,3
1576,1576,2,0,5,0,3,1
1577,1577,2,0,5,0,3,2
1578,1578,2,0,5,0,4,1
1579,1579,2,2,0,2,0,5
1580,1580,2,2,0,2,1,4
1581,1581,2,2,0,2,2,3
1582,1582,2,2,0,2,4,1
1583,1583,2,2,0,2,5,0
1584,1584,2,2,0,3,0,5
1585,1585,2,2,0,3,1,4
1586,1586,2,2,0,3,2,3
1587,1587,2,2,0,3,3,2
1588,1588,2,2,0,3,4,1
1589,1589,2,2,0,3,5,0
1590,1590,2,2,0,4,0,5
1591,1591,2,2,0,4,1,4
1592,1592,2,2,0,4,2,3
1593,1593,2,2,0,4,3,2
1594,1594,2,2,0,4,4,1
1595,1595,2,2,0,4,5,0
1596,1596,2,2,0,5,0,2
1597,1597,2,2,0,5,0,3
1598,1598,2,2,0,5,0,4
1599,1599,2,2,0,5,1,1
1600,1600,2,2,0,5,1,2
1601,1601,2,2,0,5,1,3
1602,1602,2,2,0,5,1,4
1603,1603,2,2,0,5,2,0
1604,1604,2,2,0,5,2,1
1605,1605,2,2,0,5,2,3
1606,1606,2,2,0,5,3,0
1607,1607,2,2,0,5,3,1
1608,1608,2,2,0,5,3,2
1609,1609,2,2,0,5,4,0
1610,1610,2,2,0,5,4,1
1611,1611,2,2,0,5,5,0
1612,1612,2,2,1,1,0,5
1613,1613,2,2,1,1,1,4
1614,1614,2,2,1,1,2,3
1615,1615,2,2,1,1,3,2
1616,1616,2,2,1,1,4,1
1617,1617,2,2,1,1,5,0
1618,1618,2,2,1,2,0,5
1619,1619,2,2,1,2,1,4
1620,1620,2,2,1,2,2,3
1621,1621,2,2,1,2,4,1
1622,1622,2,2,1,2,5,0
1623,1623,2,2,1,3,0,5
1624,1624,2,2,1,3,1,4
1625,1625,2,2,1,3,2,3
1626,1626,2,2,1,3,3,2
1627,1627,2,2,1,3,4,1
1628,1628,2,2,1,3,5,0
1629,1629,2,2,1,4,0,2
1630,1630,2,2,1,4,0,3
1631,1631,2,2,1,4,0,4
1632,1632,2,2,1,4,0,5
1633,1633,2,2,1,4,1,1
1634,1634,2,2,1,4,1,2
1635,1635,2,2,1,4,1,3
1636,1636,2,2,1,4,2,0
1637,1637,2,2,1,4,2,1
1638,1638,2,2,1,4,2,3
1639,1639,2,2,1,4,3,0
1640,1640,2,2,1,4,3,1
1641,1641,2,2,1,4,3,2
1642,1642,2,2,1,4,4,0
1643,1643,2,2,1,4,4,1
1644,1644,2,2,1,4,5,0
1645,1645,2,2,2,0,0,5
1646,1646,2,2,2,0,1,4
1647,1647,2,2,2,0,4,1
1648,1648,2,2,2,0,5,0
1649,1649,2,2,2,1,0,5
1650,1650,2,2,2,1,1,4
1651,1651,2,2,2,1,4,1
1652,1652,2,2,2,1,5,0
1653,1653,2,2,2,3,0,2
1654,1654,2,2,2,3,0,3
1655,1655,2,2,2,3,0,4
1656,1656,2,2,2,3,0,5
1657,1657,2,2,2,3,1,1
1658,1658,2,2,2,3,1,2
1659,1659,2,2,2,3,1,3
1660,1660,2,2,2,3,1,4
1661,1661,2,2,2,3,3,0
1662,1662,2,2,2,3,3,1
1663,1663,2,2,2,3,4,0
1664,1664,2,2,2,3,4,1
1665,1665,2,2,2,3,5,0
1666,1666,2,2,3,0,0,5
1667,1667,2,2,3,0,1,4
1668,1668,2,2,3,0,2,3
1669,1669,2,2,3,0,3,2
1670,1670,2,2,3,0,4,1
1671,1671,2,2,3,0,5,0
1672,1672,2,2,3,1,0,5
1673,1673,2,2,3,1,1,4
1674,1674,2,2,3,1,2,3
1675,1675,2,2,3,1,3,2
1676,1676,2,2,3,1,4,1
1677,1677,2,2,3,1,5,0
1678,1678,2,2,3,2,0,3
1679,1679,2,2,3,2,0,4
1680,1680,2,2,3,2,0,5
1681,1681,2,2,3,2,1,1
1682,1682,2,2,3,2,1,3
1683,1683,2,2,3,2,1,4
1684,1684,2,2,3,2,2,0
1685,1685,2,2,3,2,2,1
1686,1686,2,2,3,2,2,3
1687,1687,2,2,3,2,3,0
1688,1688,2,2,3,2,3,1
1689,1689,2,2,3,2,4,0
1690,1690,2,2,3,2,4,1
1691,1691,2,2,3,2,5,0
1692,1692,2,2,4,0,0,5
1693,1693,2,2,4,0,1,4
1694,1694,2,2,4,0,2,3
1695,1695,2,2,4,0,3,2
1696,1696,2,2,4,0,4,1
1697,1697,2,2,4,0,5,0
1698,1698,2,2,4,1,0,2
1699,1699,2,2,4,1,0,3
1700,1700,2,2,4,1,0,4
1701,1701,2,2,4,1,0,5
1702,1702,2,2,4,1,1,1
1703,1703,2,2,4,1,1,2
1704,1704,2,2,4,1,1,3
1705,1705,2,2,4,1,1,4
1706,1706,2,2,4,1,2,0
1707,1707,2,2,4,1,2,1
1708,1708,2,2,4,1,2,3
1709,1709,2,2,4,1,3,0
1710,1710,2,2,4,1,3,1
1711,1711,2,2,4,1,3,2
1712,1712,2,2,4,1,4,0
1713,1713,2,2,4,1,5,0
1714,1714,2,2,5,0,0,2
1715,1715,2,2,5,0,0,3
1716,1716,2,2,5,0,0,4
1717,1717,2,2,5,0,0,5
1718,1718,2,2,5,0,1,1
1719,1719,2,2,5,0,1,2
1720,1720,2,2,5,0,1,3
1721,1721,2,2,5,0,1,4
1722,1722,2,2,5,0,2,0
1723,1723,2,2,5,0,2,1
1724,1724,2,2,5,0,2,3
1725,1725,2,2,5,0,3,0
1726,1726,2,2,5,0,3,1
1727,1727,2,2,5,0,3,2
1728,1728,2,2,5,0,4,0
1729,1729,2,2,5,0,4,1
1730,1730,2,3,0,2,0,3
1731,1731,2,3,0,2,0,4
1732,1732,2,3,0,2,0,5
1733,1733,2,3,0,2,1,1
1734,1734,2,3,0,2,1,2
1735,1735,2,3,0,2,1,3
1736,1736,2,3,0,2,1,4
1737,1737,2,3,0,2,2,0
1738,1738,2,3,0,2,2,1
1739,1739,2,3,0,2,2,2
1740,1740,2,3,0,2,3,0
1741,1741,2,3,0,2,3,1
1742,1742,2,3,0,2,3,2
1743,1743,2,3,0,2,4,0
1744,1744,2,3,0,2,4,1
1745,1745,2,3,0,2,5,0
1746,1746,2,3,0,3,0,2
1747,1747,2,3,0,3,0,4
1748,1748,2,3,0,3,0,5
1749,1749,2,3,0,3,1,1
1750,1750,2,3,0,3,1,2
1751,1751,2,3,0,3,1,4
1752,1752,2,3,0,3,2,0
1753,1753,2,3,0,3,2,1
1754,1754,2,3,0,3,2,2
1755,1755,2,3,0,3,3,0
1756,1756,2,3,0,3,3,1
1757,1757,2,3,0,3,3,2
1758,1758,2,3,0,3,4,0
1759,1759,2,3,0,3,4,1
1760,1760,2,3,0,3,5,0
1761,1761,2,3,0,4,0,2
1762,1762,2,3,0,4,0,3
1763,1763,2,3,0,4,0,5
1764,1764,2,3,0,4,1,1
1765,1765,2,3,0,4,1,2
1766,1766,2,3,0,4,1,3
1767,1767,2,3,0,4,1,4
1768,1768,2,3,0,4,2,0
1769,1769,2,3,0,4,2,1
1770,1770,2,3,0,4,2,2
1771,1771,2,3,0,4,3,0
1772,1772,2,3,0,4,3,1
1773,1773,2,3,0,4,3,2
1774,1774,2,3,0,4,4,0
1775,1775,2,3,0,4,4,1
1776,1776,2,3,0,4,5,0
1777,1777,2,3,0,5,0,2
1778,1778,2,3,0,5,0,3
1779,1779,2,3,0,5,0,4
1780,1780,2,3,0,5,1,1
1781,1781,2,3,0,5,1,2
1782,1782,2,3,0,5,1,3
1783,1783,2,3,0,5,1,4
1784,1784,2,3,0,5,2,0
1785,1785,2,3,0,5,2,1
1786,1786,2,3,0,5,2,2
1787,1787,2,3,0,5,3,0
1788,1788,2,3,0,5,3,1
1789,1789,2,3,0,5,3,2
1790,1790,2,3,0,5,4,0
1791,1791,2,3,0,5,4,1
1792,1792,2,3,0,5,5,0
1793,1793,2,3,1,1,0,2
1794,1794,2,3,1,1,0,3
1795,1795,2,3,1,1,0,4
1796,1796,2,3,1,1,0,5
1797,1797,2,3,1,1,1,2
1798,1798,2,3,1,1,1,3
1799,1799,2,3,1,1,1,4
1800,1800,2,3,1,1,2,0
1801,1801,2,3,1,1,2,1
1802,1802,2,3,1,1,2,2
1803,1803,2,3,1,1,3,0
1804,1804,2,3,1,1,3,1
1805,1805,2,3,1,1,3,2
1806,1806,2,3,1,1,4,0
1807,1807,2,3,1,1,4,1
1808,1808,2,3,1,1,5,0
1809,1809,2,3,1,2,0,2
1810,1810,2,3,1,2,0,3
1811,1811,2,3,1,2,0,4
1812,1812,2,3,1,2,0,5
1813,1813,2,3,1,2,1,1
1814,1814,2,3,1,2,1,3
1815,1815,2,3,1,2,1,4
1816,1816,2,3,1,2,2,0
1817,1817,2,3,1,2,2,1
1818,1818,2,3,1,2,2,2
1819,1819,2,3,1,2,3,0
1820,1820,2,3,1,2,3,1
1821,1821,2,3,1,2,3,2
1822,1822,2,3,1,2,4,0
1823,1823,2,3,1,2,4,1
1824,1824,2,3,1,2,5,0
1825,1825,2,3,1,3,0,2
1826,1826,2,3,1,3,0,4
1827,1827,2,3,1,3,0,5
1828,1828,2,3,1,3,1,1
1829,1829,2,3,1,3,1,2
1830,1830,2,3,1,3,1,4
1831,1831,2,3,1,3,2,0
1832,1832,2,3,1,3,2,1
1833,1833,2,3,1,3,2,2
1834,1834,2,3,1,3,3,0
1835,1835,2,3,1,3,3,1
1836,1836,2,3,1,3,3,2
1837,1837,2,3,1,3,4,0
1838,1838,2,3,1,3,4,1
1839,1839,2,3,1,3,5,0
1840,1840,2,3,1,4,0,2
1841,1841,2,3,1,4,0,3
1842,1842,2,3,1,4,0,4
1843,1843,2,3,1,4,0,5
1844,1844,2,3,1,4,1,1
1845,1845,2,3,1,4,1,2
1846,1846,2,3,1,4,1,3
1847,1847,2,3,1,4,2,0
1848,1848,2,3,1,4,2,1
1849,1849,2,3,1,4,2,2
1850,1850,2,3,1,4,3,0
1851,1851,2,3,1,4,3,1
1852,1852,2,3,1,4,3,2
1853,1853,2,3,1,4,4,0
1854,1854,2,3,1,4,4,1
1855,1855,2,3,1,4,5,0
1856,1856,2,3,2,0,0,2
1857,1857,2,3,2,0,0,3
1858,1858,2,3,2,0,0,4
1859,1859,2,3,2,0,0,5
1860,1860,2,3,2,0,1,1
1861,1861,2,3,2,0,1,2
1862,1862,2,3,2,0,1,3
1863,1863,2,3,2,0,1,4
1864,1864,2,3,2,0,3,0
1865,1865,2,3,2,0,3,1
1866,1866,2,3,2,0,4,0
1867,1867,2,3,2,0,4,1
1868,1868,2,3,2,0,5,0
1869,1869,2,3,2,1,0,2
1870,1870,2,3,2,1,0,3
1871,1871,2,3,2,1,0,4
1872,1872,2,3,2,1,0,5
1873,1873,2,3,2,1,1,1
1874,1874,2,3,2,1,1,2
1875,1875,2,3,2,1,1,3
1876,1876,2,3,2,1,1,4
1877,1877,2,3,2,1,3,0
1878,1878,2,3,2,1,3,1
1879,1879,2,3,2,1,4,0
1880,1880,2,3,2,1,4,1
1881,1881,2,3,2,1,5,0
1882,1882,2,3,2,2,0,2
1883,1883,2,3,2,2,0,3
1884,1884,2,3,2,2,0,4
1885,1885,2,3,2,2,0,5
1886,1886,2,3,2,2,1,1
1887,1887,2,3,2,2,1,2
1888,1888,2,3,2,2,1,3
1889,1889,2,3,2,2,1,4
1890,1890,2,3,2,2,3,0
1891,1891,2,3,2,2,3,1
1892,1892,2,3,2,2,4,0
1893,1893,2,3,2,2,4,1
1894,1894,2,3,2,2,5,0
1895,1895,2,3,3,0,0,2
1896,1896,2,3,3,0,0,3
1897,1897,2,3,3,0,0,4
1898,1898,2,3,3,0,0,5
1899,1899,2,3,3,0,1,1
1900,1900,2,3,3,0,1,2
1901,1901,2,3,3,0,1,3
1902,1902,2,3,3,0,1,4
1903,1903,2,3,3,0,2,0
1904,1904,2,3,3,0,2,1
1905,1905,2,3,3,0,2,2
1906,1906,2,3,3,0,3,1
1907,1907,2,3,3,0,3,2
1908,1908,2,3,3,0,4,0
1909,1909,2,3,3,0,4,1
1910,1910,2,3,3,0,5,0
1911,1911,2,3,3,1,0,2
1912,1912,2,3,3,1,0,3
1913,1913,2,3,3,1,0,4
1914,1914,2,3,3,1,0,5
1915,1915,2,3,3,1,1,1
1916,1916,2,3,3,1,1,2
1917,1917,2,3,3,1,1,3
1918,1918,2,3,3,1,1,4
1919,1919,2,3,3,1,2,0
1920,1920,2,3,3,1,2,1
1921,1921,2,3,3,1,2,2
1922,1922,2,3,3,1,3,0
1923,1923,2,3,3,1,3,2
1924,1924,2,3,3,1,4,0
1925,1925,2,3,3,1,4,1
1926,1926,2,3,3,1,5,0
1927,1927,2,3,3,2,0,2
1928,1928,2,3,3,2,0,3
1929,1929,2,3,3,2,0,4
1930,1930,2,3,3,2,0,5
1931,1931,2,3,3,2,1,1
1932,1932,2,3,3,2,1,2
1933,1933,2,3,3,2,1,3
1934,1934,2,3,3,2,1,4
1935,1935,2,3,3,2,2,0
1936,1936,2,3,3,2,2,1
1937,1937,2,3,3,2,2,2
1938,1938,2,3,3,2,3,0
1939,1939,2,3,3,2,3,1
1940,1940,2,3,3,2,4,0
1941,1941,2,3,3,2,4,1
1942,1942,2,3,3,2,5,0
1943,1943,2,3,4,0,0,2
1944,1944,2,3,4,0,0,3
1945,1945,2,3,4,0,0,4
1946,1946,2,3,4,0,0,5
1947,1947,2,3,4,0,1,1
1948,1948,2,3,4,0,1,2
1949,1949,2,3,4,0,1,3
1950,1950,2,3,4,0,1,4
1951,1951,2,3,4,0,2,0
1952,1952,2,3,4,0,2,1
1953,1953,2,3,4,0,2,2
1954,1954,2,3,4,0,3,0
1955,1955,2,3,4,0,3,1
1956,1956,2,3,4,0,3,2
1957,1957,2,3,4,0,4,1
1958,1958,2,3,4,0,5,0
1959,1959,2,3,4,1,0,2
1960,1960,2,3,4,1,0,3
1961,1961,2,3,4,1,0,4
1962,1962,2,3,4,1,0,5
1963,1963,2,3,4,1,1,1
1964,1964,2,3,4,1,1,2
1965,1965,2,3,4,1,1,3
1966,1966,2,3,4,1,1,4
1967,1967,2,3,4,1,2,0
1968,1968,2,3,4,1,2,1
1969,1969,2,3,4,1,2,2
1970,1970,2,3,4,1,3,0
1971,1971,2,3,4,1,3,1
1972,1972,2,3,4,1,3,2
1973,1973,2,3,4,1,4,0
1974,1974,2,3,4,1,5,0
1975,1975,2,3,5,0,0,2
1976,1976,2,3,5,0,0,3
1977,1977,2,3,5,0,0,4
1978,1978,2,3,5,0,0,5
1979,1979,2,3,5,0,1,1
1980,1980,2,3,5,0,1,2
1981,1981,2,3,5,0,1,3
1982,1982,2,3,5,0,1,4
1983,1983,2,3,5,0,2,0
1984,1984,2,3,5,0,2,1
1985,1985,2,3,5,0,2,2
1986,1986,2,3,5,0,3,0
1987,1987,2,3,5,0,3,1
1988,1988,2,3,5,0,3,2
1989,1989,2,3,5,0,4,0
1990,1990,2,3,5,0,4,1
1991,1991,3,0,0,2,0,5
1992,1992,3,0,0,2,1,4
1993,1993,3,0,0,2,2,3
1994,1994,3,0,0,2,3,2
1995,1995,3,0,0,2,4,1
1996,1996,3,0,0,2,5,0
1997,1997,3,0,0,3,0,5
1998,1998,3,0,0,3,1,4
1999,1999,3,0,0,3,2,3
2000,2000,3,0,0,3,3,2
2001,2001,3,0,0,3,4,1
2002,2002,3,0,0,3,5,0
2003,2003,3,0,0,4,0,5
2004,2004,3,0,0,4,1,4
2005,2005,3,0,0,4,2,3
2006,2006,3,0,0,4,3,2
2007,2007,3,0,0,4,4,1
2008,2008,3,0,0,4,5,0
2009,2009,3,0,0,5,0,2
2010,2010,3,0,0,5,0,3
2011,2011,3,0,0,5,0,4
2012,2012,3,0,0,5,1,1
2013,2013,3,0,0,5,1,2
2014,2014,3,0,0,5,1,3
2015,2015,3,0,0,5,1,4
2016,2016,3,0,0,5,2,0
2017,2017,3,0,0,5,2,1
2018,2018,3,0,0,5,2,2
2019,2019,3,0,0,5,2,3
2020,2020,3,0,0,5,3,1
2021,2021,3,0,0,5,3,2
2022,2022,3,0,0,5,4,0
2023,2023,3,0,0,5,4,1
2024,2024,3,0,0,5,5,0
2025,2025,3,0,1,1,0,5
2026,2026,3,0,1,1,1,4
2027,2027,3,0,1,1,2,3
2028,2028,3,0,1,1,3,2
2029,2029,3,0,1,1,4,1
2030,2030,3,0,1,1,5,0
2031,2031,3,0,1,2,0,5
2032,2032,3,0,1,2,1,4
2033,2033,3,0,1,2,2,3
2034,2034,3,0,1,2,3,2
2035,2035,3,0,1,2,4,1
2036,2036,3,0,1,2,5,0
2037,2037,3,0,1,3,0,5
2038,2038,3,0,1,3,1,4
2039,2039,3,0,1,3,2,3
2040,2040,3,0,1,3,3,2
2041,2041,3,0,1,3,4,1
2042,2042,3,0,1,3,5,0
2043,2043,3,0,1,4,0,2
2044,2044,3,0,1,4,0,3
2045,2045,3,0,1,4,0,4
2046,2046,3,0,1,4,0,5
2047,2047,3,0,1,4,1,1
2048,2048,3,0,1,4,1,2
2049,2049,3,0,1,4,1,3
2050,2050,3,0,1,4,2,0
2051,2051,3,0,1,4,2,1
2052,2052,3,0,1,4,2,2
2053,2053,3,0,1,4,2,3
2054,2054,3,0,1,4,3,1
2055,2055,3,0,1,4,3,2
2056,2056,3,0,1,4,4,0
2057,2057,3,0,1,4,4,1
2058,2058,3,0,1,4,5,0
2059,2059,3,0,2,0,0,5
2060,2060,3,0,2,0,1,4
2061,2061,3,0,2,0,2,3
2062,2062,3,0,2,0,3,2
2063,2063,3,0,2,0,4,1
2064,2064,3,0,2,1,0,5
2065,2065,3,0,2,1,1,4
2066,2066,3,0,2,1,2,3
2067,2067,3,0,2,1,3,2
2068,2068,3,0,2,1,4,1
2069,2069,3,0,2,1,5,0
2070,2070,3,0,2,2,0,5
2071,2071,3,0,2,2,1,4
2072,2072,3,0,2,2,2,3
2073,2073,3,0,2,2,3,2
2074,2074,3,0,2,2,4,1
2075,2075,3,0,2,2,5,0
2076,2076,3,0,2,3,0,2
2077,2077,3,0,2,3,0,3
2078,2078,3,0,2,3,0,4
2079,2079,3,0,2,3,0,5
2080,2080,3,0,2,3,1,1
2081,2081,3,0,2,3,1,2
2082,2082,3,0,2,3,1,3
2083,2083,3,0,2,3,1,4
2084,2084,3,0,2,3,2,0
2085,2085,3,0,2,3,2,1
2086,2086,3,0,2,3,2,2
2087,2087,3,0,2,3,3,1
2088,2088,3,0,2,3,3,2
2089,2089,3,0,2,3,4,0
2090,2090,3,0,2,3,4,1
2091,2091,3,0,2,3,5,0
2092,2092,3,0,3,1,0,5
2093,2093,3,0,3,1,1,4
2094,2094,3,0,3,1,2,3
2095,2095,3,0,3,1,4,1
2096,2096,3,0,3,1,5,0
2097,2097,3,0,3,2,0,2
2098,2098,3,0,3,2,0,3
2099,2099,3,0,3,2,0,4
2100,2100,3,0,3,2,0,5
2101,2101,3,0,3,2,1,1
2102,2102,3,0,3,2,1,2
2103,2103,3,0,3,2,1,3
2104,2104,3,0,3,2,1,4
2105,2105,3,0,3,2,2,0
2106,2106,3,0,3,2,2,2
2107,2107,3,0,3,2,2,3
2108,2108,3,0,3,2,4,0
2109,2109,3,0,3,2,4,1
2110,2110,3,0,3,2,5,0
2111,2111,3,0,4,0,0,5
2112,2112,3,0,4,0,1,4
2113,2113,3,0,4,0,2,3
2114,2114,3,0,4,0,3,2
2115,2115,3,0,4,0,4,1
2116,2116,3,0,4,1,0,2
2117,2117,3,0,4,1,0,3
2118,2118,3,0,4,1,0,4
2119,2119,3,0,4,1,0,5
2120,2120,3,0,4,1,1,1
2121,2121,3,0,4,1,1,2
2122,2122,3,0,4,1,1,3
2123,2123,3,0,4,1,1,4
2124,2124,3,0,4,1,2,0
2125,2125,3,0,4,1,2,1
2126,2126,3,0,4,1,2,2
2127,2127,3,0,4,1,2,3
2128,2128,3,0,4,1,3,1
2129,2129,3,0,4,1,3,2
2130,2130,3,0,4,1,4,0
2131,2131,3,0,4,1,5,0
2132,2132,3,0,5,0,0,2
2133,2133,3,0,5,0,0,3
2134,2134,3,0,5,0,0,4
2135,2135,3,0,5,0,0,5
2136,2136,3,0,5,0,1,1
2137,2137,3,0,5,0,1,2
2138,2138,3,0,5,0,1,3
2139,2139,3,0,5,0,1,4
2140,2140,3,0,5,0,2,1
2141,2141,3,0,5,0,2,2
2142,2142,3,0,5,0,2,3
2143,2143,3,0,5,0,3,1
2144,2144,3,0,5,0,3,2
2145,2145,3,0,5,0,4,1
2146,2146,3,1,0,2,0,5
2147,2147,3,1,0,2,1,4
2148,2148,3,1,0,2,2,3
2149,2149,3,1,0,2,3,2
2150,2150,3,1,0,2,4,1
2151,2151,3,1,0,2,5,0
2152,2152,3,1,0,3,0,5
2153,2153,3,1,0,3,1,4
2154,2154,3,1,0,3,2,3
2155,2155,3,1,0,3,3,2
2156,2156,3,1,0,3,4,1
2157,2157,3,1,0,3,5,0
2158,2158,3,1,0,4,0,5
2159,2159,3,1,0,4,1,4
2160,2160,3,1,0,4,2,3
2161,2161,3,1,0,4,3,2
2162,2162,3,1,0,4,4,1
2163,2163,3,1,0,4,5,0
2164,2164,3,1,0,5,0,2
2165,2165,3,1,0,5,0,3
2166,2166,3,1,0,5,0,4
2167,2167,3,1,0,5,1,1
2168,2168,3,1,0,5,1,2
2169,2169,3,1,0,5,1,3
2170,2170,3,1,0,5,1,4
2171,2171,3,1,0,5,2,0
2172,2172,3,1,0,5,2,1
2173,2173,3,1,0,5,2,2
2174,2174,3,1,0,5,2,3
2175,2175,3,1,0,5,3,0
2176,2176,3,1,0,5,3,2
2177,2177,3,1,0,5,4,0
2178,2178,3,1,0,5,4,1
2179,2179,3,1,0,5,5,0
2180,2180,3,1,1,1,0,5
2181,2181,3,1,1,1,1,4
2182,2182,3,1,1,1,2,3
2183,2183,3,1,1,1,3,2
2184,2184,3,1,1,1,5,0
2185,2185,3,1,1,2,0,5
2186,2186,3,1,1,2,1,4
2187,2187,3,1,1,2,2,3
2188,2188,3,1,1,2,3,2
2189,2189,3,1,1,2,4,1
2190,2190,3,1,1,2,5,0
2191,2191,3,1,1,3,0,5
2192,2192,3,1,1,3,1,4
2193,2193,3,1,1,3,2,3
2194,2194,3,1,1,3,3,2
2195,2195,3,1,1,3,4,1
2196,2196,3,1,1,3,5,0
2197,2197,3,1,1,4,0,2
2198,2198,3,1,1,4,0,3
2199,2199,3,1,1,4,0,4
2200,2200,3,1,1,4,0,5
2201,2201,3,1,1,4,1,1
2202,2202,3,1,1,4,1,2
2203,2203,3,1,1,4,1,3
2204,2204,3,1,1,4,2,0
2205,2205,3,1,1,4,2,1
2206,2206,3,1,1,4,2,2
2207,2207,3,1,1,4,2,3
2208,2208,3,1,1,4,3,0
2209,2209,3,1,1,4,3,2
2210,2210,3,1,1,4,4,0
2211,2211,3,1,1,4,4,1
2212,2212,3,1,1,4,5,0
2213,2213,3,1,2,0,0,5
2214,2214,3,1,2,0,1,4
2215,2215,3,1,2,0,2,3
2216,2216,3,1,2,0,3,2
2217,2217,3,1,2,0,4,1
2218,2218,3,1,2,0,5,0
2219,2219,3,1,2,1,0,5
2220,2220,3,1,2,1,1,4
2221,2221,3,1,2,1,2,3
2222,2222,3,1,2,1,3,2
2223,2223,3,1,2,1,5,0
2224,2224,3,1,2,2,0,5
2225,2225,3,1,2,2,1,4
2226,2226,3,1,2,2,2,3
2227,2227,3,1,2,2,3,2
2228,2228,3,1,2,2,4,1
2229,2229,3,1,2,2,5,0
2230,2230,3,1,2,3,0,2
2231,2231,3,1,2,3,0,3
2232,2232,3,1,2,3,0,4
2233,2233,3,1,2,3,0,5
2234,2234,3,1,2,3,1,1
2235,2235,3,1,2,3,1,2
2236,2236,3,1,2,3,1,3
2237,2237,3,1,2,3,1,4
2238,2238,3,1,2,3,2,0
2239,2239,3,1,2,3,2,1
2240,2240,3,1,2,3,2,2
2241,2241,3,1,2,3,3,0
2242,2242,3,1,2,3,3,2
2243,2243,3,1,2,3,4,0
2244,2244,3,1,2,3,4,1
2245,2245,3,1,2,3,5,0
2246,2246,3,1,3,0,0,5
2247,2247,3,1,3,0,1,4
2248,2248,3,1,3,0,2,3
2249,2249,3,1,3,0,4,1
2250,2250,3,1,3,0,5,0
2251,2251,3,1,3,2,0,2
2252,2252,3,1,3,2,0,3
2253,2253,3,1,3,2,0,4
2254,2254,3,1,3,2,0,5
2255,2255,3,1,3,2,1,1
2256,2256,3,1,3,2,1,2
2257,2257,3,1,3,2,1,3
2258,2258,3,1,3,2,1,4
2259,2259,3,1,3,2,2,0
2260,2260,3,1,3,2,2,2
2261,2261,3,1,3,2,2,3
2262,2262,3,1,3,2,4,0
2263,2263,3,1,3,2,4,1
2264,2264,3,1,3,2,5,0
2265,2265,3,1,4,0,0,5
2266,2266,3,1,4,0,1,4
2267,2267,3,1,4,0,2,3
2268,2268,3,1,4,0,3,2
2269,2269,3,1,4,0,4,1
2270,2270,3,1,4,0,5,0
2271,2271,3,1,4,1,0,2
2272,2272,3,1,4,1,0,3
2273,2273,3,1,4,1,0,4
2274,2274,3,1,4,1,0,5
2275,2275,3,1,4,1,1,2
2276,2276,3,1,4,1,1,3
2277,2277,3,1,4,1,1,4
2278,2278,3,1,4,1,2,0
2279,2279,3,1,4,1,2,2
2280,2280,3,1,4,1,2,3
2281,2281,3,1,4,1,3,0
2282,2282,3,1,4,1,3,2
2283,2283,3,1,4,1,4,0
2284,2284,3,1,4,1,5,0
2285,2285,3,1,5,0,0,2
2286,2286,3,1,5,0,0,3
2287,2287,3,1,5,0,0,4
2288,2288,3,1,5,0,0,5
2289,2289,3,1,5,0,1,1
2290,2290,3,1,5,0,1,2
2291,2291,3,1,5,0,1,3
2292,2292,3,1,5,0,1,4
2293,2293,3,1,5,0,2,0
2294,2294,3,1,5,0,2,1
2295,2295,3,1,5,0,2,2
2296,2296,3,1,5,0,2,3
2297,2297,3,1,5,0,3,0
2298,2298,3,1,5,0,3,2
2299,2299,3,1,5,0,4,0
2300,2300,3,1,5,0,4,1
2301,2301,4,0,0,2,0,5
2302,2302,4,0,0,2,1,4
2303,2303,4,0,0,2,2,3
2304,2304,4,0,0,2,3,2
2305,2305,4,0,0,2,4,1
2306,2306,4,0,0,2,5,0
2307,2307,4,0,0,3,0,5
2308,2308,4,0,0,3,1,4
2309,2309,4,0,0,3,2,3
2310,2310,4,0,0,3,3,2
2311,2311,4,0,0,3,4,1
2312,2312,4,0,0,3,5,0
2313,2313,4,0,0,4,0,5
2314,2314,4,0,0,4,1,4
2315,2315,4,0,0,4,2,3
2316,2316,4,0,0,4,3,2
2317,2317,4,0,0,4,4,1
2318,2318,4,0,0,4,5,0
2319,2319,4,0,0,5,0,2
2320,2320,4,0,0,5,0,3
2321,2321,4,0,0,5,0,4
2322,2322,4,0,0,5,1,1
2323,2323,4,0,0,5,1,2
2324,2324,4,0,0,5,1,3
2325,2325,4,0,0,5,1,4
2326,2326,4,0,0,5,2,0
2327,2327,4,0,0,5,2,1
2328,2328,4,0,0,5,2,2
2329,2329,4,0,0,5,2,3
2330,2330,4,0,0,5,3,0
2331,2331,4,0,0,5,3,1
2332,2332,4,0,0,5,3,2
2333,2333,4,0,0,5,4,1
2334,2334,4,0,0,5,5,0
2335,2335,4,0,1,1,0,5
2336,2336,4,0,1,1,1,4
2337,2337,4,0,1,1,2,3
2338,2338,4,0,1,1,3,2
2339,2339,4,0,1,1,4,1
2340,2340,4,0,1,1,5,0
2341,2341,4,0,1,2,0,5
2342,2342,4,0,1,2,1,4
2343,2343,4,0,1,2,2,3
2344,2344,4,0,1,2,3,2
2345,2345,4,0,1,2,4,1
2346,2346,4,0,1,2,5,0
2347,2347,4,0,1,3,0,5
2348,2348,4,0,1,3,1,4
2349,2349,4,0,1,3,2,3
2350,2350,4,0,1,3,3,2
2351,2351,4,0,1,3,4,1
2352,2352,4,0,1,3,5,0
2353,2353,4,0,1,4,0,2
2354,2354,4,0,1,4,0,3
2355,2355,4,0,1,4,0,4
2356,2356,4,0,1,4,0,5
2357,2357,4,0,1,4,1,1
2358,2358,4,0,1,4,1,2
2359,2359,4,0,1,4,1,3
2360,2360,4,0,1,4,2,0
2361,2361,4,0,1,4,2,1
2362,2362,4,0,1,4,2,2
2363,2363,4,0,1,4,2,3
2364,2364,4,0,1,4,3,0
2365,2365,4,0,1,4,3,1
2366,2366,4,0,1,4,3,2
2367,2367,4,0,1,4,4,1
2368,2368,4,0,1,4,5,0
2369,2369,4,0,2,0,0,5
2370,2370,4,0,2,0,1,4
2371,2371,4,0,2,0,2,3
2372,2372,4,0,2,0,3,2
2373,2373,4,0,2,0,4,1
2374,2374,4,0,2,1,0,5
2375,2375,4,0,2,1,1,4
2376,2376,4,0,2,1,2,3
2377,2377,4,0,2,1,3,2
2378,2378,4,0,2,1,4,1
2379,2379,4,0,2,1,5,0
2380,2380,4,0,2,2,0,5
2381,2381,4,0,2,2,1,4
2382,2382,4,0,2,2,2,3
2383,2383,4,0,2,2,3,2
2384,2384,4,0,2,2,4,1
2385,2385,4,0,2,2,5,0
2386,2386,4,0,2,3,0,2
2387,2387,4,0,2,3,0,3
2388,2388,4,0,2,3,0,4
2389,2389,4,0,2,3,0,5
2390,2390,4,0,2,3,1,1
2391,2391,4,0,2,3,1,2
2392,2392,4,0,2,3,1,3
2393,2393,4,0,2,3,1,4
2394,2394,4,0,2,3,2,0
2395,2395,4,0,2,3,2,1
2396,2396,4,0,2,3,2,2
2397,2397,4,0,2,3,3,0
2398,2398,4,0,2,3,3,1
2399,2399,4,0,2,3,3,2
2400,2400,4,0,2,3,4,1
2401,2401,4,0,2,3,5,0
2402,2402,4,0,3,0,0,5
2403,2403,4,0,3,0,1,4
2404,2404,4,0,3,0,2,3
2405,2405,4,0,3,0,3,2
2406,2406,4,0,3,0,4,1
2407,2407,4,0,3,1,0,5
2408,2408,4,0,3,1,1,4
2409,2409,4,0,3,1,2,3
2410,2410,4,0,3,1,3,2
2411,2411,4,0,3,1,4,1
2412,2412,4,0,3,1,5,0
2413,2413,4,0,3,2,0,2
2414,2414,4,0,3,2,0,3
2415,2415,4,0,3,2,0,4
2416,2416,4,0,3,2,0,5
2417,2417,4,0,3,2,1,1
2418,2418,4,0,3,2,1,2
2419,2419,4,0,3,2,1,3
2420,2420,4,0,3,2,1,4
2421,2421,4,0,3,2,2,0
2422,2422,4,0,3,2,2,1
2423,2423,4,0,3,2,2,2
2424,2424,4,0,3,2,2,3
2425,2425,4,0,3,2,3,0
2426,2426,4,0,3,2,3,1
2427,2427,4,0,3,2,4,1
2428,2428,4,0,3,2,5,0
2429,2429,4,0,4,1,0,2
2430,2430,4,0,4,1,0,3
2431,2431,4,0,4,1,0,4
2432,2432,4,0,4,1,0,5
2433,2433,4,0,4,1,1,1
2434,2434,4,0,4,1,1,2
2435,2435,4,0,4,1,1,3
2436,2436,4,0,4,1,1,4
2437,2437,4,0,4,1,2,0
2438,2438,4,0,4,1,2,2
2439,2439,4,0,4,1,2,3
2440,2440,4,0,4,1,3,0
2441,2441,4,0,4,1,3,1
2442,2442,4,0,4,1,5,0
2443,2443,4,0,5,0,0,2
2444,2444,4,0,5,0,0,3
2445,2445,4,0,5,0,0,4
2446,2446,4,0,5,0,0,5
2447,2447,4,0,5,0,1,1
2448,2448,4,0,5,0,1,2
2449,2449,4,0,5,0,1,3
2450,2450,4,0,5,0,1,4
2451,2451,4,0,5,0,2,1
2452,2452,4,0,5,0,2,2
2453,2453,4,0,5,0,2,3
2454,2454,4,0,5,0,3,1
2455,2455,4,0,5,0,3,2
2456,2456,4,0,5,0,4,1
2457,2457,4,1,0,2,0,3
2458,2458,4,1,0,2,0,4
2459,2459,4,1,0,2,0,5
2460,2460,4,1,0,2,1,1
2461,2461,4,1,0,2,1,2
2462,2462,4,1,0,2,1,3
2463,2463,4,1,0,2,1,4
2464,2464,4,1,0,2,2,0
2465,2465,4,1,0,2,2,1
2466,2466,4,1,0,2,2,2
2467,2467,4,1,0,2,2,3
2468,2468,4,1,0,2,3,0
2469,2469,4,1,0,2,3,1
2470,2470,4,1,0,2,3,2
2471,2471,4,1,0,2,4,0
2472,2472,4,1,0,2,5,0
2473,2473,4,1,0,3,0,2
2474,2474,4,1,0,3,0,4
2475,2475,4,1,0,3,0,5
2476,2476,4,1,0,3,1,1
2477,2477,4,1,0,3,1,2
2478,2478,4,1,0,3,1,3
2479,2479,4,1,0,3,1,4
2480,2480,4,1,0,3,2,0
2481,2481,4,1,0,3,2,1
2482,2482,4,1,0,3,2,2
2483,2483,4,1,0,3,2,3
2484,2484,4,1,0,3,3,0
2485,2485,4,1,0,3,3,1
2486,2486,4,1,0,3,3,2
2487,2487,4,1,0,3,4,0
2488,2488,4,1,0,3,5,0
2489,2489,4,1,0,4,0,2
2490,2490,4,1,0,4,0,3
2491,2491,4,1,0,4,0,5
2492,2492,4,1,0,4,1,1
2493,2493,4,1,0,4,1,2
2494,2494,4,1,0,4,1,3
2495,2495,4,1,0,4,1,4
2496,2496,4,1,0,4,2,0
2497,2497,4,1,0,4,2,1
2498,2498,4,1,0,4,2,2
2499,2499,4,1,0,4,2,3
2500,2500,4,1,0,4,3,0
2501,2501,4,1,0,4,3,1
2502,2502,4,1,0,4,3,2
2503,2503,4,1,0,4,4,0
2504,2504,4,1,0,4,5,0
2505,2505,4,1,0,5,0,2
2506,2506,4,1,0,5,0,3
2507,2507,4,1,0,5,0,4
2508,2508,4,1,0,5,1,1
2509,2509,4,1,0,5,1,2
2510,2510,4,1,0,5,1,3
2511,2511,4,1,0,5,1,4
2512,2512,4,1,0,5,2,0
2513,2513,4,1,0,5,2,1
2514,2514,4,1,0,5,2,2
2515,2515,4,1,0,5,2,3
2516,2516,4,1,0,5,3,0
2517,2517,4,1,0,5,3,1
2518,2518,4,1,0,5,3,2
2519,2519,4,1,0,5,4,0
2520,2520,4,1,0,5,5,0
2521,2521,4,1,1,1,0,2
2522,2522,4,1,1,1,0,3
2523,2523,4,1,1,1,0,4
2524,2524,4,1,1,1,0,5
2525,2525,4,1,1,1,1,2
2526,2526,4,1,1,1,1,3
2527,2527,4,1,1,1,1,4
2528,2528,4,1,1,1,2,0
2529,2529,4,1,1,1,2,2
2530,2530,4,1,1,1,2,3
2531,2531,4,1,1,1,3,0
2532,2532,4,1,1,1,3,2
2533,2533,4,1,1,1,4,0
2534,2534,4,1,1,1,5,0
2535,2535,4,1,1,2,0,2
2536,2536,4,1,1,2,0,3
2537,2537,4,1,1,2,0,4
2538,2538,4,1,1,2,0,5
2539,2539,4,1,1,2,1,1
2540,2540,4,1,1,2,1,3
2541,2541,4,1,1,2,1,4
2542,2542,4,1,1,2,2,0
2543,2543,4,1,1,2,2,1
2544,2544,4,1,1,2,2,2
2545,2545,4,1,1,2,2,3
2546,2546,4,1,1,2,3,0
2547,2547,4,1,1,2,3,1
2548,2548,4,1,1,2,3,2
2549,2549,4,1,1,2,4,0
2550,2550,4,1,1,2,5,0
2551,2551,4,1,1,3,0,2
2552,2552,4,1,1,3,0,3
2553,2553,4,1,1,3,0,4
2554,2554,4,1,1,3,0,5
2555,2555,4,1,1,3,1,1
2556,2556,4,1,1,3,1,2
2557,2557,4,1,1,3,1,4
2558,2558,4,1,1,3,2,0
2559,2559,4,1,1,3,2,1
2560,2560,4,1,1,3,2,2
2561,2561,4,1,1,3,2,3
2562,2562,4,1,1,3,3,0
2563,2563,4,1,1,3,3,1
2564,2564,4,1,1,3,3,2
2565,2565,4,1,1,3,4,0
2566,2566,4,1,1,3,5,0
2567,2567,4,1,1,4,0,2
2568,2568,4,1,1,4,0,3
2569,2569,4,1,1,4,0,4
2570,2570,4,1,1,4,0,5
2571,2571,4,1,1,4,1,1
2572,2572,4,1,1,4,1,2
2573,2573,4,1,1,4,1,3
2574,2574,4,1,1,4,2,0
2575,2575,4,1,1,4,2,1
2576,2576,4,1,1,4,2,2
2577,2577,4,1,1,4,2,3
2578,2578,4,1,1,4,3,0
2579,2579,4,1,1,4,3,1
2580,2580,4,1,1,4,3,2
2581,2581,4,1,1,4,4,0
2582,2582,4,1,1,4,5,0
2583,2583,4,1,2,0,0,2
2584,2584,4,1,2,0,0,3
2585,2585,4,1,2,0,0,4
2586,2586,4,1,2,0,0,5
2587,2587,4,1,2,0,1,1
2588,2588,4,1,2,0,1,2
2589,2589,4,1,2,0,1,3
2590,2590,4,1,2,0,1,4
2591,2591,4,1,2,0,2,1
2592,2592,4,1,2,0,2,2
2593,2593,4,1,2,0,2,3
2594,2594,4,1,2,0,3,0
2595,2595,4,1,2,0,3,1
2596,2596,4,1,2,0,3,2
2597,2597,4,1,2,0,4,0
2598,2598,4,1,2,0,5,0
2599,2599,4,1,2,1,0,2
2600,2600,4,1,2,1,0,3
2601,2601,4,1,2,1,0,4
2602,2602,4,1,2,1,0,5
2603,2603,4,1,2,1,1,2
2604,2604,4,1,2,1,1,3
2605,2605,4,1,2,1,1,4
2606,2606,4,1,2,1,2,0
2607,2607,4,1,2,1,2,2
2608,2608,4,1,2,1,2,3
2609,2609,4,1,2,1,3,0
2610,2610,4,1,2,1,3,2
2611,2611,4,1,2,1,4,0
2612,2612,4,1,2,1,5,0
2613,2613,4,1,2,2,0,2
2614,2614,4,1,2,2,0,3
2615,2615,4,1,2,2,0,4
2616,2616,4,1,2,2,0,5
2617,2617,4,1,2,2,1,1
2618,2618,4,1,2,2,1,2
2619,2619,4,1,2,2,1,3
2620,2620,4,1,2,2,1,4
2621,2621,4,1,2,2,2,0
2622,2622,4,1,2,2,2,1
2623,2623,4,1,2,2,2,3
2624,2624,4,1,2,2,3,0
2625,2625,4,1,2,2,3,1
2626,2626,4,1,2,2,3,2
2627,2627,4,1,2,2,4,0
2628,2628,4,1,2,2,5,0
2629,2629,4,1,2,3,0,2
2630,2630,4,1,2,3,0,3
2631,2631,4,1,2,3,0,4
2632,2632,4,1,2,3,0,5
2633,2633,4,1,2,3,1,1
2634,2634,4,1,2,3,1,2
2635,2635,4,1,2,3,1,3
2636,2636,4,1,2,3,1,4
2637,2637,4,1,2,3,2,0
2638,2638,4,1,2,3,2,1
2639,2639,4,1,2,3,2,2
2640,2640,4,1,2,3,3,0
2641,2641,4,1,2,3,3,1
2642,2642,4,1,2,3,3,2
2643,2643,4,1,2,3,4,0
2644,2644,4,1,2,3,5,0
2645,2645,4,1,3,0,0,2
2646,2646,4,1,3,0,0,3
2647,2647,4,1,3,0,0,4
2648,2648,4,1,3,0,0,5
2649,2649,4,1,3,0,1,1
2650,2650,4,1,3,0,1,2
2651,2651,4,1,3,0,1,3
2652,2652,4,1,3,0,1,4
2653,2653,4,1,3,0,2,0
2654,2654,4,1,3,0,2,1
2655,2655,4,1,3,0,2,2
2656,2656,4,1,3,0,2,3
2657,2657,4,1,3,0,3,1
2658,2658,4,1,3,0,3,2
2659,2659,4,1,3,0,4,0
2660,2660,4,1,3,0,5,0
2661,2661,4,1,3,1,0,2
2662,2662,4,1,3,1,0,3
2663,2663,4,1,3,1,0,4
2664,2664,4,1,3,1,0,5
2665,2665,4,1,3,1,1,2
2666,2666,4,1,3,1,1,3
2667,2667,4,1,3,1,1,4
2668,2668,4,1,3,1,2,0
2669,2669,4,1,3,1,2,2
2670,2670,4,1,3,1,2,3
2671,2671,4,1,3,1,3,0
2672,2672,4,1,3,1,3,2
2673,2673,4,1,3,1,4,0
2674,2674,4,1,3,1,5,0
2675,2675,4,1,3,2,0,2
2676,2676,4,1,3,2,0,3
2677,2677,4,1,3,2,0,4
2678,2678,4,1,3,2,0,5
2679,2679,4,1,3,2,1,1
2680,2680,4,1,3,2,1,2
2681,2681,4,1,3,2,1,3
2682,2682,4,1,3,2,1,4
2683,2683,4,1,3,2,2,0
2684,2684,4,1,3,2,2,1
2685,2685,4,1,3,2,2,2
2686,2686,4,1,3,2,2,3
2687,2687,4,1,3,2,3,0
2688,2688,4,1,3,2,3,1
2689,2689,4,1,3,2,4,0
2690,2690,4,1,3,2,5,0
2691,2691,4,1,4,0,0,2
2692,2692,4,1,4,0,0,3
2693,2693,4,1,4,0,0,4
2694,2694,4,1,4,0,0,5
2695,2695,4,1,4,0,1,1
2696,2696,4,1,4,0,1,2
2697,2697,4,1,4,0,1,3
2698,2698,4,1,4,0,1,4
2699,2699,4,1,4,0,2,0
2700,2700,4,1,4,0,2,2
2701,2701,4,1,4,0,2,3
2702,2702,4,1,4,0,3,0
2703,2703,4,1,4,0,3,1
2704,2704,4,1,4,0,5,0
2705,2705,4,1,5,0,0,2
2706,2706,4,1,5,0,0,3
2707,2707,4,1,5,0,0,4
2708,2708,4,1,5,0,0,5
2709,2709,4,1,5,0,1,1
2710,2710,4,1,5,0,1,2
2711,2711,4,1,5,0,1,3
2712,2712,4,1,5,0,1,4
2713,2713,4,1,5,0,2,0
2714,2714,4,1,5,0,2,1
2715,2715,4,1,5,0,2,2
2716,2716,4,1,5,0,2,3
2717,2717,4,1,5,0,3,0
2718,2718,4,1,5,0,3,1
2719,2719,4,1,5,0,3,2
2720,2720,4,1,5,0,4,0
2721,2721,5,0,0,2,0,3
2722,2722,5,0,0,2,0,4
2723,2723,5,0,0,2,0,5
2724,2724,5,0,0,2,1,1
2725,2725,5,0,0,2,1,2
2726,2726,5,0,0,2,1,3
2727,2727,5,0,0,2,1,4
2728,2728,5,0,0,2,2,0
2729,2729,5,0,0,2,2,1
2730,2730,5,0,0,2,2,2
2731,2731,5,0,0,2,2,3
2732,2732,5,0,0,2,3,0
2733,2733,5,0,0,2,3,1
2734,2734,5,0,0,2,3,2
2735,2735,5,0,0,2,4,0
2736,2736,5,0,0,2,4,1
2737,2737,5,0,0,3,0,2
2738,2738,5,0,0,3,0,4
2739,2739,5,0,0,3,0,5
2740,2740,5,0,0,3,1,1
2741,2741,5,0,0,3,1,2
2742,2742,5,0,0,3,1,3
2743,2743,5,0,0,3,1,4
2744,2744,5,0,0,3,2,0
2745,2745,5,0,0,3,2,1
2746,2746,5,0,0,3,2,2
2747,2747,5,0,0,3,2,3
2748,2748,5,0,0,3,3,0
2749,2749,5,0,0,3,3,1
2750,2750,5,0,0,3,3,2
2751,2751,5,0,0,3,4,0
2752,2752,5,0,0,3,4,1
2753,2753,5,0,0,4,0,2
2754,2754,5,0,0,4,0,3
2755,2755,5,0,0,4,0,5
2756,2756,5,0,0,4,1,1
2757,2757,5,0,0,4,1,2
2758,2758,5,0,0,4,1,3
2759,2759,5,0,0,4,1,4
2760,2760,5,0,0,4,2,0
2761,2761,5,0,0,4,2,1
2762,2762,5,0,0,4,2,2
2763,2763,5,0,0,4,2,3
2764,2764,5,0,0,4,3,0
2765,2765,5,0,0,4,3,1
2766,2766,5,0,0,4,3,2
2767,2767,5,0,0,4,4,0
2768,2768,5,0,0,4,4,1
2769,2769,5,0,0,5,0,2
2770,2770,5,0,0,5,0,3
2771,2771,5,0,0,5,0,4
2772,2772,5,0,0,5,1,1
2773,2773,5,0,0,5,1,2
2774,2774,5,0,0,5,1,3
2775,2775,5,0,0,5,1,4
2776,2776,5,0,0,5,2,0
2777,2777,5,0,0,5,2,1
2778,2778,5,0,0,5,2,2
2779,2779,5,0,0,5,2,3
2780,2780,5,0,0,5,3,0
2781,2781,5,0,0,5,3,1
2782,2782,5,0,0,5,3,2
2783,2783,5,0,0,5,4,0
2784,2784,5,0,0,5,4,1
2785,2785,5,0,1,1,0,2
2786,2786,5,0,1,1,0,3
2787,2787,5,0,1,1,0,4
2788,2788,5,0,1,1,0,5
2789,2789,5,0,1,1,1,2
2790,2790,5,0,1,1,1,3
2791,2791,5,0,1,1,1,4
2792,2792,5,0,1,1,2,0
2793,2793,5,0,1,1,2,1
2794,2794,5,0,1,1,2,2
2795,2795,5,0,1,1,2,3
2796,2796,5,0,1,1,3,0
2797,2797,5,0,1,1,3,1
2798,2798,5,0,1,1,3,2
2799,2799,5,0,1,1,4,0
2800,2800,5,0,1,1,4,1
2801,2801,5,0,1,2,0,2
2802,2802,5,0,1,2,0,3
2803,2803,5,0,1,2,0,4
2804,2804,5,0,1,2,0,5
2805,2805,5,0,1,2,1,1
2806,2806,5,0,1,2,1,3
2807,2807,5,0,1,2,1,4
2808,2808,5,0,1,2,2,0
2809,2809,5,0,1,2,2,1
2810,2810,5,0,1,2,2,2
2811,2811,5,0,1,2,2,3
2812,2812,5,0,1,2,3,0
2813,2813,5,0,1,2,3,1
2814,2814,5,0,1,2,3,2
2815,2815,5,0,1,2,4,0
2816,2816,5,0,1,2,4,1
2817,2817,5,0,1,3,0,2
2818,2818,5,0,1,3,0,3
2819,2819,5,0,1,3,0,4
2820,2820,5,0,1,3,0,5
2821,2821,5,0,1,3,1,1
2822,2822,5,0,1,3,1,2
2823,2823,5,0,1,3,1,4
2824,2824,5,0,1,3,2,0
2825,2825,5,0,1,3,2,1
2826,2826,5,0,1,3,2,2
2827,2827,5,0,1,3,2,3
2828,2828,5,0,1,3,3,0
2829,2829,5,0,1,3,3,1
2830,2830,5,0,1,3,3,2
2831,2831,5,0,1,3,4,0
2832,2832,5,0,1,3,4,1
2833,2833,5,0,1,4,0,2
2834,2834,5,0,1,4,0,3
2835,2835,5,0,1,4,0,4
2836,2836,5,0,1,4,0,5
2837,2837,5,0,1,4,1,1
2838,2838,5,0,1,4,1,2
2839,2839,5,0,1,4,1,3
2840,2840,5,0,1,4,2,0
2841,2841,5,0,1,4,2,1
2842,2842,5,0,1,4,2,2
2843,2843,5,0,1,4,2,3
2844,2844,5,0,1,4,3,0
2845,2845,5,0,1,4,3,1
2846,2846,5,0,1,4,3,2
2847,2847,5,0,1,4,4,0
2848,2848,5,0,1,4,4,1
2849,2849,5,0,2,0,0,2
2850,2850,5,0,2,0,0,3
2851,2851,5,0,2,0,0,4
2852,2852,5,0,2,0,0,5
2853,2853,5,0,2,0,1,1
2854,2854,5,0,2,0,1,2
2855,2855,5,0,2,0,1,3
2856,2856,5,0,2,0,1,4
2857,2857,5,0,2,0,2,1
2858,2858,5,0,2,0,2,2
2859,2859,5,0,2,0,2,3
2860,2860,5,0,2,0,3,1
2861,2861,5,0,2,0,3,2
2862,2862,5,0,2,0,4,1
2863,2863,5,0,2,1,0,2
2864,2864,5,0,2,1,0,3
2865,2865,5,0,2,1,0,4
2866,2866,5,0,2,1,0,5
2867,2867,5,0,2,1,1,1
2868,2868,5,0,2,1,1,2
2869,2869,5,0,2,1,1,3
2870,2870,5,0,2,1,1,4
2871,2871,5,0,2,1,2,0
2872,2872,5,0,2,1,2,2
2873,2873,5,0,2,1,2,3
2874,2874,5,0,2,1,3,0
2875,2875,5,0,2,1,3,1
2876,2876,5,0,2,1,3,2
2877,2877,5,0,2,1,4,0
2878,2878,5,0,2,1,4,1
2879,2879,5,0,2,2,0,2
2880,2880,5,0,2,2,0,3
2881,2881,5,0,2,2,0,4
2882,2882,5,0,2,2,0,5
2883,2883,5,0,2,2,1,1
2884,2884,5,0,2,2,1,2
2885,2885,5,0,2,2,1,3
2886,2886,5,0,2,2,1,4
2887,2887,5,0,2,2,2,0
2888,2888,5,0,2,2,2,1
2889,2889,5,0,2,2,2,3
2890,2890,5,0,2,2,3,0
2891,2891,5,0,2,2,3,1
2892,2892,5,0,2,2,3,2
2893,2893,5,0,2,2,4,0
2894,2894,5,0,2,2,4,1
2895,2895,5,0,2,3,0,2
2896,2896,5,0,2,3,0,3
2897,2897,5,0,2,3,0,4
2898,2898,5,0,2,3,0,5
2899,2899,5,0,2,3,1,1
2900,2900,5,0,2,3,1,2
2901,2901,5,0,2,3,1,3
2902,2902,5,0,2,3,1,4
2903,2903,5,0,2,3,2,0
2904,2904,5,0,2,3,2,1
2905,2905,5,0,2,3,2,2
2906,2906,5,0,2,3,3,0
2907,2907,5,0,2,3,3,1
2908,2908,5,0,2,3,3,2
2909,2909,5,0,2,3,4,0
2910,2910,5,0,2,3,4,1
2911,2911,5,0,3,0,0,2
2912,2912,5,0,3,0,0,3
2913,2913,5,0,3,0,0,4
2914,2914,5,0,3,0,0,5
2915,2915,5,0,3,0,1,1
2916,2916,5,0,3,0,1,2
2917,2917,5,0,3,0,1,3
2918,2918,5,0,3,0,1,4
2919,2919,5,0,3,0,2,1
2920,2920,5,0,3,0,2,2
2921,2921,5,0,3,0,2,3
2922,2922,5,0,3,0,3,1
2923,2923,5,0,3,0,3,2
2924,2924,5,0,3,0,4,1
2925,2925,5,0,3,1,0,2
2926,2926,5,0,3,1,0,3
2927,2927,5,0,3,1,0,4
2928,2928,5,0,3,1,0,5
2929,2929,5,0,3,1,1,1
2930,2930,5,0,3,1,1,2
2931,2931,5,0,3,1,1,3
2932,2932,5,0,3,1,1,4
2933,2933,5,0,3,1,2,0
2934,2934,5,0,3,1,2,1
2935,2935,5,0,3,1,2,2
2936,2936,5,0,3,1,2,3
2937,2937,5,0,3,1,3,0
2938,2938,5,0,3,1,3,2
2939,2939,5,0,3,1,4,0
2940,2940,5,0,3,1,4,1
2941,2941,5,0,3,2,0,2
2942,2942,5,0,3,2,0,3
2943,2943,5,0,3,2,0,4
2944,2944,5,0,3,2,0,5
2945,2945,5,0,3,2,1,1
2946,2946,5,0,3,2,1,2
2947,2947,5,0,3,2,1,3
2948,2948,5,0,3,2,1,4
2949,2949,5,0,3,2,2,0
2950,2950,5,0,3,2,2,1
2951,2951,5,0,3,2,2,2
2952,2952,5,0,3,2,2,3
2953,2953,5,0,3,2,3,0
2954,2954,5,0,3,2,3,1
2955,2955,5,0,3,2,4,0
2956,2956,5,0,3,2,4,1
2957,2957,5,0,4,0,0,2
2958,2958,5,0,4,0,0,3
2959,2959,5,0,4,0,0,4
2960,2960,5,0,4,0,0,5
2961,2961,5,0,4,0,1,1
2962,2962,5,0,4,0,1,2
2963,2963,5,0,4,0,1,3
2964,2964,5,0,4,0,1,4
2965,2965,5,0,4,0,2,1
2966,2966,5,0,4,0,2,2
2967,2967,5,0,4,0,2,3
2968,2968,5,0,4,0,3,1
2969,2969,5,0,4,0,3,2
2970,2970,5,0,4,0,4,1
2971,2971,5,0,4,1,0,2
2972,2972,5,0,4,1,0,3
2973,2973,5,0,4,1,0,4
2974,2974,5,0,4,1,0,5
2975,2975,5,0,4,1,1,1
2976,2976,5,0,4,1,1,2
2977,2977,5,0,4,1,1,3
2978,2978,5,0,4,1,1,4
2979,2979,5,0,4,1,2,0
2980,2980,5,0,4,1,2,1
2981,2981,5,0,4,1,2,2
2982,2982,5,0,4,1,2,3
2983,2983,5,0,4,1,3,0
2984,2984,5,0,4,1,3,1
2985,2985,5,0,4,1,3,2
2986,2986,5,0,4,1,4,0
