0,0,2,0,3,3,2,SI,SI,SI
24,1,2,1,4,2,1,SI,SI,SI
39,2,2,2,3,3,2,SI,SI,SI
28,1,3,1,4,2,1,SI,SI,SI
11,0,4,0,5,3,2,SI,SI,SI
34,1,4,1,3,2,1,SI,SI,SI
12,0,5,0,2,2,1,SI,SI,SI
42,4,0,4,1,2,1,SI,SI,SI
26,1,3,1,1,3,2,SI,SI,SI
14,0,5,0,3,2,1,SI,SI,SI
6,0,3,0,5,2,1,SI,SI,SI
45,4,1,4,0,3,2,SI,SI,SI
3,0,2,0,5,3,2,SI,SI,SI
44,4,1,4,0,2,1,SI,SI,SI
8,0,4,0,2,3,2,SI,SI,SI
33,1,4,1,2,3,2,SI,SI,SI
18,1,1,1,2,3,2,SI,SI,SI
30,1,4,1,1,2,1,SI,SI,SI
43,4,0,4,1,3,2,SI,SI,SI
29,1,3,1,4,3,2,SI,SI,SI
7,0,3,0,5,3,2,SI,SI,SI
1,0,2,0,4,3,2,SI,SI,SI
16,0,5,0,4,2,1,SI,SI,SI
31,1,4,1,1,3,2,SI,SI,SI
20,1,1,1,4,2,1,SI,SI,SI
22,1,2,1,1,3,2,SI,SI,SI
32,1,4,1,2,2,1,SI,SI,SI
37,2,0,2,3,3,2,SI,SI,SI
10,0,4,0,5,2,1,SI,SI,SI
41,2,3,2,2,3,2,SI,SI,SI
21,1,1,1,4,3,2,SI,SI,SI
13,0,5,0,2,3,2,SI,SI,SI
38,2,2,2,0,3,2,SI,SI,SI
2,0,2,0,5,2,1,SI,SI,SI
5,0,3,0,4,3,2,SI,SI,SI
27,1,3,1,2,3,2,SI,SI,SI
35,1,4,1,3,3,2,SI,SI,SI
4,0,3,0,2,3,2,SI,SI,SI
15,0,5,0,3,3,2,SI,SI,SI
17,0,5,0,4,3,2,SI,SI,SI
36,2,0,2,2,3,2,SI,SI,SI
19,1,1,1,3,3,2,SI,SI,SI
23,1,2,1,3,3,2,SI,SI,SI
40,2,3,2,0,3,2,SI,SI,SI
9,0,4,0,3,3,2,SI,SI,SI
25,1,2,1,4,3,2,SI,SI,SI
