0,0,0,2,0,3,1,4
1,1,0,2,0,3,2,3
2,2,0,2,0,3,3,2
3,3,0,2,0,3,4,1
4,4,0,2,0,3,5,0
5,5,0,2,0,4,1,4
6,6,0,2,0,4,2,3
7,7,0,2,0,4,3,2
8,8,0,2,0,4,4,1
9,9,0,2,0,4,5,0
10,10,0,2,0,5,1,1
11,11,0,2,0,5,1,2
12,12,0,2,0,5,1,3
13,13,0,2,0,5,1,4
14,14,0,2,0,5,2,0
15,15,0,2,0,5,2,1
16,16,0,2,0,5,2,2
17,17,0,2,0,5,2,3
18,18,0,2,0,5,3,0
19,19,0,2,0,5,3,1
20,20,0,2,0,5,3,2
21,21,0,2,0,5,4,0
22,22,0,2,0,5,4,1
23,23,0,2,0,5,5,0
24,24,0,2,1,1,0,5
25,25,0,2,1,1,1,4
26,26,0,2,1,1,2,3
27,27,0,2,1,1,3,2
28,28,0,2,1,1,4,1
29,29,0,2,1,1,5,0
30,30,0,2,1,2,0,5
31,31,0,2,1,2,1,4
32,32,0,2,1,2,2,3
33,33,0,2,1,2,4,1
34,34,0,2,1,2,5,0
35,35,0,2,1,3,0,5
36,36,0,2,1,3,1,4
37,37,0,2,1,3,2,3
38,38,0,2,1,3,3,2
39,39,0,2,1,3,4,1
40,40,0,2,1,3,5,0
41,41,0,2,1,4,0,3
42,42,0,2,1,4,0,4
43,43,0,2,1,4,0,5
44,44,0,2,1,4,1,1
45,45,0,2,1,4,1,2
46,46,0,2,1,4,1,3
47,47,0,2,1,4,2,0
48,48,0,2,1,4,2,1
49,49,0,2,1,4,2,2
50,50,0,2,1,4,2,3
51,51,0,2,1,4,3,0
52,52,0,2,1,4,3,1
53,53,0,2,1,4,3,2
54,54,0,2,1,4,4,0
55,55,0,2,1,4,4,1
56,56,0,2,1,4,5,0
57,57,0,2,2,0,0,5
58,58,0,2,2,0,1,4
59,59,0,2,2,0,2,3
60,60,0,2,2,0,3,2
61,61,0,2,2,0,4,1
62,62,0,2,2,0,5,0
63,63,0,2,2,1,0,5
64,64,0,2,2,1,1,4
65,65,0,2,2,1,2,3
66,66,0,2,2,1,3,2
67,67,0,2,2,1,4,1
68,68,0,2,2,1,5,0
69,69,0,2,2,2,0,5
70,70,0,2,2,2,1,4
71,71,0,2,2,2,2,3
72,72,0,2,2,2,4,1
73,73,0,2,2,2,5,0
74,74,0,2,2,3,0,3
75,75,0,2,2,3,0,4
76,76,0,2,2,3,0,5
77,77,0,2,2,3,1,1
78,78,0,2,2,3,1,2
79,79,0,2,2,3,1,3
80,80,0,2,2,3,1,4
81,81,0,2,2,3,2,0
82,82,0,2,2,3,2,1
83,83,0,2,2,3,2,2
84,84,0,2,2,3,3,0
85,85,0,2,2,3,3,1
86,86,0,2,2,3,3,2
87,87,0,2,2,3,4,0
88,88,0,2,2,3,4,1
89,89,0,2,2,3,5,0
90,90,0,2,3,0,0,5
91,91,0,2,3,0,1,4
92,92,0,2,3,0,2,3
93,93,0,2,3,0,3,2
94,94,0,2,3,0,4,1
95,95,0,2,3,0,5,0
96,96,0,2,3,1,0,5
97,97,0,2,3,1,1,4
98,98,0,2,3,1,2,3
99,99,0,2,3,1,3,2
100,100,0,2,3,1,4,1
101,101,0,2,3,1,5,0
102,102,0,2,3,2,0,3
103,103,0,2,3,2,0,4
104,104,0,2,3,2,0,5
105,105,0,2,3,2,1,1
106,106,0,2,3,2,1,3
107,107,0,2,3,2,1,4
108,108,0,2,3,2,2,0
109,109,0,2,3,2,2,1
110,110,0,2,3,2,2,3
111,111,0,2,3,2,3,0
112,112,0,2,3,2,3,1
113,113,0,2,3,2,4,0
114,114,0,2,3,2,4,1
115,115,0,2,3,2,5,0
116,116,0,2,4,0,0,5
117,117,0,2,4,0,1,4
118,118,0,2,4,0,2,3
119,119,0,2,4,0,3,2
120,120,0,2,4,0,4,1
121,121,0,2,4,0,5,0
122,122,0,2,4,1,0,3
123,123,0,2,4,1,0,4
124,124,0,2,4,1,0,5
125,125,0,2,4,1,1,1
126,126,0,2,4,1,1,2
127,127,0,2,4,1,1,3
128,128,0,2,4,1,1,4
129,129,0,2,4,1,2,0
130,130,0,2,4,1,2,1
131,131,0,2,4,1,2,2
132,132,0,2,4,1,2,3
133,133,0,2,4,1,3,0
134,134,0,2,4,1,3,1
135,135,0,2,4,1,3,2
136,136,0,2,4,1,4,0
137,137,0,2,4,1,5,0
138,138,0,2,5,0,0,3
139,139,0,2,5,0,0,4
140,140,0,2,5,0,0,5
141,141,0,2,5,0,1,1
142,142,0,2,5,0,1,2
143,143,0,2,5,0,1,3
144,144,0,2,5,0,1,4
145,145,0,2,5,0,2,0
146,146,0,2,5,0,2,1
147,147,0,2,5,0,2,2
148,148,0,2,5,0,2,3
149,149,0,2,5,0,3,0
150,150,0,2,5,0,3,1
151,151,0,2,5,0,3,2
152,152,0,2,5,0,4,0
153,153,0,2,5,0,4,1
154,154,0,3,0,2,1,4
155,155,0,3,0,2,2,3
156,156,0,3,0,2,3,2
157,157,0,3,0,2,4,1
158,158,0,3,0,2,5,0
159,159,0,3,0,4,1,4
160,160,0,3,0,4,2,3
161,161,0,3,0,4,3,2
162,162,0,3,0,4,4,1
163,163,0,3,0,4,5,0
164,164,0,3,0,5,1,1
165,165,0,3,0,5,1,2
166,166,0,3,0,5,1,3
167,167,0,3,0,5,1,4
168,168,0,3,0,5,2,0
169,169,0,3,0,5,2,1
170,170,0,3,0,5,2,2
171,171,0,3,0,5,2,3
172,172,0,3,0,5,3,0
173,173,0,3,0,5,3,1
174,174,0,3,0,5,3,2
175,175,0,3,0,5,4,0
176,176,0,3,0,5,4,1
177,177,0,3,0,5,5,0
178,178,0,3,1,1,0,5
179,179,0,3,1,1,1,4
180,180,0,3,1,1,2,3
181,181,0,3,1,1,3,2
182,182,0,3,1,1,4,1
183,183,0,3,1,1,5,0
184,184,0,3,1,2,0,5
185,185,0,3,1,2,1,4
186,186,0,3,1,2,2,3
187,187,0,3,1,2,3,2
188,188,0,3,1,2,4,1
189,189,0,3,1,2,5,0
190,190,0,3,1,3,0,5
191,191,0,3,1,3,1,4
192,192,0,3,1,3,3,2
193,193,0,3,1,3,4,1
194,194,0,3,1,3,5,0
195,195,0,3,1,4,0,2
196,196,0,3,1,4,0,4
197,197,0,3,1,4,0,5
198,198,0,3,1,4,1,1
199,199,0,3,1,4,1,2
200,200,0,3,1,4,1,3
201,201,0,3,1,4,2,0
202,202,0,3,1,4,2,1
203,203,0,3,1,4,2,2
204,204,0,3,1,4,2,3
205,205,0,3,1,4,3,0
206,206,0,3,1,4,3,1
207,207,0,3,1,4,3,2
208,208,0,3,1,4,4,0
209,209,0,3,1,4,4,1
210,210,0,3,1,4,5,0
211,211,0,3,2,0,0,5
212,212,0,3,2,0,1,4
213,213,0,3,2,0,2,3
214,214,0,3,2,0,3,2
215,215,0,3,2,0,4,1
216,216,0,3,2,0,5,0
217,217,0,3,2,1,0,5
218,218,0,3,2,1,1,4
219,219,0,3,2,1,2,3
220,220,0,3,2,1,3,2
221,221,0,3,2,1,4,1
222,222,0,3,2,1,5,0
223,223,0,3,2,2,0,5
224,224,0,3,2,2,1,4
225,225,0,3,2,2,2,3
226,226,0,3,2,2,3,2
227,227,0,3,2,2,4,1
228,228,0,3,2,2,5,0
229,229,0,3,2,3,0,2
230,230,0,3,2,3,0,4
231,231,0,3,2,3,0,5
232,232,0,3,2,3,1,1
233,233,0,3,2,3,1,2
234,234,0,3,2,3,1,4
235,235,0,3,2,3,2,0
236,236,0,3,2,3,2,1
237,237,0,3,2,3,2,2
238,238,0,3,2,3,3,0
239,239,0,3,2,3,3,1
240,240,0,3,2,3,3,2
241,241,0,3,2,3,4,0
242,242,0,3,2,3,4,1
243,243,0,3,2,3,5,0
244,244,0,3,3,0,0,5
245,245,0,3,3,0,1,4
246,246,0,3,3,0,2,3
247,247,0,3,3,0,3,2
248,248,0,3,3,0,4,1
249,249,0,3,3,0,5,0
250,250,0,3,3,1,0,5
251,251,0,3,3,1,1,4
252,252,0,3,3,1,2,3
253,253,0,3,3,1,3,2
254,254,0,3,3,1,4,1
255,255,0,3,3,1,5,0
256,256,0,3,3,2,0,2
257,257,0,3,3,2,0,4
258,258,0,3,3,2,0,5
259,259,0,3,3,2,1,1
260,260,0,3,3,2,1,2
261,261,0,3,3,2,1,3
262,262,0,3,3,2,1,4
263,263,0,3,3,2,2,0
264,264,0,3,3,2,2,1
265,265,0,3,3,2,2,2
266,266,0,3,3,2,2,3
267,267,0,3,3,2,3,0
268,268,0,3,3,2,3,1
269,269,0,3,3,2,4,0
270,270,0,3,3,2,4,1
271,271,0,3,3,2,5,0
272,272,0,3,4,0,0,5
273,273,0,3,4,0,1,4
274,274,0,3,4,0,2,3
275,275,0,3,4,0,3,2
276,276,0,3,4,0,4,1
277,277,0,3,4,0,5,0
278,278,0,3,4,1,0,2
279,279,0,3,4,1,0,4
280,280,0,3,4,1,0,5
281,281,0,3,4,1,1,1
282,282,0,3,4,1,1,2
283,283,0,3,4,1,1,3
284,284,0,3,4,1,1,4
285,285,0,3,4,1,2,0
286,286,0,3,4,1,2,1
287,287,0,3,4,1,2,2
288,288,0,3,4,1,2,3
289,289,0,3,4,1,3,0
290,290,0,3,4,1,3,1
291,291,0,3,4,1,3,2
292,292,0,3,4,1,4,0
293,293,0,3,4,1,5,0
294,294,0,3,5,0,0,2
295,295,0,3,5,0,0,4
296,296,0,3,5,0,0,5
297,297,0,3,5,0,1,1
298,298,0,3,5,0,1,2
299,299,0,3,5,0,1,3
300,300,0,3,5,0,1,4
301,301,0,3,5,0,2,0
302,302,0,3,5,0,2,1
303,303,0,3,5,0,2,2
304,304,0,3,5,0,2,3
305,305,0,3,5,0,3,0
306,306,0,3,5,0,3,1
307,307,0,3,5,0,3,2
308,308,0,3,5,0,4,0
309,309,0,3,5,0,4,1
310,310,0,4,0,2,1,4
311,311,0,4,0,2,2,3
312,312,0,4,0,2,3,2
313,313,0,4,0,2,4,1
314,314,0,4,0,2,5,0
315,315,0,4,0,3,1,4
316,316,0,4,0,3,2,3
317,317,0,4,0,3,3,2
318,318,0,4,0,3,4,1
319,319,0,4,0,3,5,0
320,320,0,4,0,5,1,1
321,321,0,4,0,5,1,2
322,322,0,4,0,5,1,3
323,323,0,4,0,5,1,4
324,324,0,4,0,5,2,0
325,325,0,4,0,5,2,1
326,326,0,4,0,5,2,2
327,327,0,4,0,5,2,3
328,328,0,4,0,5,3,0
329,329,0,4,0,5,3,1
330,330,0,4,0,5,3,2
331,331,0,4,0,5,4,0
332,332,0,4,0,5,4,1
333,333,0,4,0,5,5,0
334,334,0,4,1,1,0,5
335,335,0,4,1,1,1,4
336,336,0,4,1,1,2,3
337,337,0,4,1,1,3,2
338,338,0,4,1,1,4,1
339,339,0,4,1,1,5,0
340,340,0,4,1,2,0,5
341,341,0,4,1,2,1,4
342,342,0,4,1,2,2,3
343,343,0,4,1,2,3,2
344,344,0,4,1,2,4,1
345,345,0,4,1,2,5,0
346,346,0,4,1,3,0,5
347,347,0,4,1,3,1,4
348,348,0,4,1,3,2,3
349,349,0,4,1,3,3,2
350,350,0,4,1,3,4,1
351,351,0,4,1,3,5,0
352,352,0,4,1,4,0,2
353,353,0,4,1,4,0,3
354,354,0,4,1,4,0,5
355,355,0,4,1,4,1,1
356,356,0,4,1,4,1,2
357,357,0,4,1,4,1,3
358,358,0,4,1,4,2,0
359,359,0,4,1,4,2,1
360,360,0,4,1,4,2,2
361,361,0,4,1,4,2,3
362,362,0,4,1,4,3,0
363,363,0,4,1,4,3,1
364,364,0,4,1,4,3,2
365,365,0,4,1,4,4,0
366,366,0,4,1,4,4,1
367,367,0,4,1,4,5,0
368,368,0,4,2,0,0,5
369,369,0,4,2,0,1,4
370,370,0,4,2,0,2,3
371,371,0,4,2,0,3,2
372,372,0,4,2,0,4,1
373,373,0,4,2,0,5,0
374,374,0,4,2,1,0,5
375,375,0,4,2,1,1,4
376,376,0,4,2,1,2,3
377,377,0,4,2,1,3,2
378,378,0,4,2,1,4,1
379,379,0,4,2,1,5,0
380,380,0,4,2,2,0,5
381,381,0,4,2,2,1,4
382,382,0,4,2,2,2,3
383,383,0,4,2,2,3,2
384,384,0,4,2,2,4,1
385,385,0,4,2,2,5,0
386,386,0,4,2,3,0,2
387,387,0,4,2,3,0,3
388,388,0,4,2,3,0,5
389,389,0,4,2,3,1,1
390,390,0,4,2,3,1,2
391,391,0,4,2,3,1,3
392,392,0,4,2,3,1,4
393,393,0,4,2,3,2,0
394,394,0,4,2,3,2,1
395,395,0,4,2,3,2,2
396,396,0,4,2,3,3,0
397,397,0,4,2,3,3,1
398,398,0,4,2,3,3,2
399,399,0,4,2,3,4,0
400,400,0,4,2,3,4,1
401,401,0,4,2,3,5,0
402,402,0,4,3,0,0,5
403,403,0,4,3,0,1,4
404,404,0,4,3,0,2,3
405,405,0,4,3,0,3,2
406,406,0,4,3,0,4,1
407,407,0,4,3,0,5,0
408,408,0,4,3,1,0,5
409,409,0,4,3,1,1,4
410,410,0,4,3,1,2,3
411,411,0,4,3,1,3,2
412,412,0,4,3,1,4,1
413,413,0,4,3,1,5,0
414,414,0,4,3,2,0,2
415,415,0,4,3,2,0,3
416,416,0,4,3,2,0,5
417,417,0,4,3,2,1,1
418,418,0,4,3,2,1,2
419,419,0,4,3,2,1,3
420,420,0,4,3,2,1,4
421,421,0,4,3,2,2,0
422,422,0,4,3,2,2,1
423,423,0,4,3,2,2,2
424,424,0,4,3,2,2,3
425,425,0,4,3,2,3,0
426,426,0,4,3,2,3,1
427,427,0,4,3,2,4,0
428,428,0,4,3,2,4,1
429,429,0,4,3,2,5,0
430,430,0,4,4,0,0,5
431,431,0,4,4,0,1,4
432,432,0,4,4,0,2,3
433,433,0,4,4,0,3,2
434,434,0,4,4,0,4,1
435,435,0,4,4,0,5,0
436,436,0,4,4,1,0,2
437,437,0,4,4,1,0,3
438,438,0,4,4,1,0,5
439,439,0,4,4,1,1,1
440,440,0,4,4,1,1,2
441,441,0,4,4,1,1,3
442,442,0,4,4,1,1,4
443,443,0,4,4,1,2,0
444,444,0,4,4,1,2,1
445,445,0,4,4,1,2,2
446,446,0,4,4,1,2,3
447,447,0,4,4,1,3,0
448,448,0,4,4,1,3,1
449,449,0,4,4,1,3,2
450,450,0,4,4,1,4,0
451,451,0,4,4,1,5,0
452,452,0,4,5,0,0,2
453,453,0,4,5,0,0,3
454,454,0,4,5,0,0,5
455,455,0,4,5,0,1,1
456,456,0,4,5,0,1,2
457,457,0,4,5,0,1,3
458,458,0,4,5,0,1,4
459,459,0,4,5,0,2,0
460,460,0,4,5,0,2,1
461,461,0,4,5,0,2,2
462,462,0,4,5,0,2,3
463,463,0,4,5,0,3,0
464,464,0,4,5,0,3,1
465,465,0,4,5,0,3,2
466,466,0,4,5,0,4,0
467,467,0,4,5,0,4,1
468,468,0,5,0,2,1,1
469,469,0,5,0,2,1,2
470,470,0,5,0,2,1,3
471,471,0,5,0,2,1,4
472,472,0,5,0,2,2,0
473,473,0,5,0,2,2,1
474,474,0,5,0,2,2,2
475,475,0,5,0,2,2,3
476,476,0,5,0,2,3,0
477,477,0,5,0,2,3,1
478,478,0,5,0,2,3,2
479,479,0,5,0,2,4,0
480,480,0,5,0,2,4,1
481,481,0,5,0,2,5,0
482,482,0,5,0,3,1,1
483,483,0,5,0,3,1,2
484,484,0,5,0,3,1,3
485,485,0,5,0,3,1,4
486,486,0,5,0,3,2,0
487,487,0,5,0,3,2,1
488,488,0,5,0,3,2,2
489,489,0,5,0,3,2,3
490,490,0,5,0,3,3,0
491,491,0,5,0,3,3,1
492,492,0,5,0,3,3,2
493,493,0,5,0,3,4,0
494,494,0,5,0,3,4,1
495,495,0,5,0,3,5,0
496,496,0,5,0,4,1,1
497,497,0,5,0,4,1,2
498,498,0,5,0,4,1,3
499,499,0,5,0,4,1,4
500,500,0,5,0,4,2,0
501,501,0,5,0,4,2,1
502,502,0,5,0,4,2,2
503,503,0,5,0,4,2,3
504,504,0,5,0,4,3,0
505,505,0,5,0,4,3,1
506,506,0,5,0,4,3,2
507,507,0,5,0,4,4,0
508,508,0,5,0,4,4,1
509,509,0,5,0,4,5,0
510,510,0,5,1,1,0,2
511,511,0,5,1,1,0,3
512,512,0,5,1,1,0,4
513,513,0,5,1,1,1,2
514,514,0,5,1,1,1,3
515,515,0,5,1,1,1,4
516,516,0,5,1,1,2,0
517,517,0,5,1,1,2,1
518,518,0,5,1,1,2,2
519,519,0,5,1,1,2,3
520,520,0,5,1,1,3,0
521,521,0,5,1,1,3,1
522,522,0,5,1,1,3,2
523,523,0,5,1,1,4,0
524,524,0,5,1,1,4,1
525,525,0,5,1,1,5,0
526,526,0,5,1,2,0,2
527,527,0,5,1,2,0,3
528,528,0,5,1,2,0,4
529,529,0,5,1,2,1,1
530,530,0,5,1,2,1,3
531,531,0,5,1,2,1,4
532,532,0,5,1,2,2,0
533,533,0,5,1,2,2,1
534,534,0,5,1,2,2,2
535,535,0,5,1,2,2,3
536,536,0,5,1,2,3,0
537,537,0,5,1,2,3,1
538,538,0,5,1,2,3,2
539,539,0,5,1,2,4,0
540,540,0,5,1,2,4,1
541,541,0,5,1,2,5,0
542,542,0,5,1,3,0,2
543,543,0,5,1,3,0,3
544,544,0,5,1,3,0,4
545,545,0,5,1,3,1,1
546,546,0,5,1,3,1,2
547,547,0,5,1,3,1,4
548,548,0,5,1,3,2,0
549,549,0,5,1,3,2,1
550,550,0,5,1,3,2,2
551,551,0,5,1,3,2,3
552,552,0,5,1,3,3,0
553,553,0,5,1,3,3,1
554,554,0,5,1,3,3,2
555,555,0,5,1,3,4,0
556,556,0,5,1,3,4,1
557,557,0,5,1,3,5,0
558,558,0,5,1,4,0,2
559,559,0,5,1,4,0,3
560,560,0,5,1,4,0,4
561,561,0,5,1,4,1,1
562,562,0,5,1,4,1,2
563,563,0,5,1,4,1,3
564,564,0,5,1,4,2,0
565,565,0,5,1,4,2,1
566,566,0,5,1,4,2,2
567,567,0,5,1,4,2,3
568,568,0,5,1,4,3,0
569,569,0,5,1,4,3,1
570,570,0,5,1,4,3,2
571,571,0,5,1,4,4,0
572,572,0,5,1,4,4,1
573,573,0,5,1,4,5,0
574,574,0,5,2,0,0,2
575,575,0,5,2,0,0,3
576,576,0,5,2,0,0,4
577,577,0,5,2,0,1,1
578,578,0,5,2,0,1,2
579,579,0,5,2,0,1,3
580,580,0,5,2,0,1,4
581,581,0,5,2,0,2,1
582,582,0,5,2,0,2,2
583,583,0,5,2,0,2,3
584,584,0,5,2,0,3,0
585,585,0,5,2,0,3,1
586,586,0,5,2,0,3,2
587,587,0,5,2,0,4,0
588,588,0,5,2,0,4,1
589,589,0,5,2,0,5,0
590,590,0,5,2,1,0,2
591,591,0,5,2,1,0,3
592,592,0,5,2,1,0,4
593,593,0,5,2,1,1,1
594,594,0,5,2,1,1,2
595,595,0,5,2,1,1,3
596,596,0,5,2,1,1,4
597,597,0,5,2,1,2,0
598,598,0,5,2,1,2,2
599,599,0,5,2,1,2,3
600,600,0,5,2,1,3,0
601,601,0,5,2,1,3,1
602,602,0,5,2,1,3,2
603,603,0,5,2,1,4,0
604,604,0,5,2,1,4,1
605,605,0,5,2,1,5,0
606,606,0,5,2,2,0,2
607,607,0,5,2,2,0,3
608,608,0,5,2,2,0,4
609,609,0,5,2,2,1,1
610,610,0,5,2,2,1,2
611,611,0,5,2,2,1,3
612,612,0,5,2,2,1,4
613,613,0,5,2,2,2,0
614,614,0,5,2,2,2,1
615,615,0,5,2,2,2,3
616,616,0,5,2,2,3,0
617,617,0,5,2,2,3,1
618,618,0,5,2,2,3,2
619,619,0,5,2,2,4,0
620,620,0,5,2,2,4,1
621,621,0,5,2,2,5,0
622,622,0,5,2,3,0,2
623,623,0,5,2,3,0,3
624,624,0,5,2,3,0,4
625,625,0,5,2,3,1,1
626,626,0,5,2,3,1,2
627,627,0,5,2,3,1,3
628,628,0,5,2,3,1,4
629,629,0,5,2,3,2,0
630,630,0,5,2,3,2,1
631,631,0,5,2,3,2,2
632,632,0,5,2,3,3,0
633,633,0,5,2,3,3,1
634,634,0,5,2,3,3,2
635,635,0,5,2,3,4,0
636,636,0,5,2,3,4,1
637,637,0,5,2,3,5,0
638,638,0,5,3,0,0,2
639,639,0,5,3,0,0,3
640,640,0,5,3,0,0,4
641,641,0,5,3,0,1,1
642,642,0,5,3,0,1,2
643,643,0,5,3,0,1,3
644,644,0,5,3,0,1,4
645,645,0,5,3,0,2,0
646,646,0,5,3,0,2,1
647,647,0,5,3,0,2,2
648,648,0,5,3,0,2,3
649,649,0,5,3,0,3,1
650,650,0,5,3,0,3,2
651,651,0,5,3,0,4,0
652,652,0,5,3,0,4,1
653,653,0,5,3,0,5,0
654,654,0,5,3,1,0,2
655,655,0,5,3,1,0,3
656,656,0,5,3,1,0,4
657,657,0,5,3,1,1,1
658,658,0,5,3,1,1,2
659,659,0,5,3,1,1,3
660,660,0,5,3,1,1,4
661,661,0,5,3,1,2,0
662,662,0,5,3,1,2,1
663,663,0,5,3,1,2,2
664,664,0,5,3,1,2,3
665,665,0,5,3,1,3,0
666,666,0,5,3,1,3,2
667,667,0,5,3,1,4,0
668,668,0,5,3,1,4,1
669,669,0,5,3,1,5,0
670,670,0,5,3,2,0,2
671,671,0,5,3,2,0,3
672,672,0,5,3,2,0,4
673,673,0,5,3,2,1,1
674,674,0,5,3,2,1,2
675,675,0,5,3,2,1,3
676,676,0,5,3,2,1,4
677,677,0,5,3,2,2,0
678,678,0,5,3,2,2,1
679,679,0,5,3,2,2,2
680,680,0,5,3,2,2,3
681,681,0,5,3,2,3,0
682,682,0,5,3,2,3,1
683,683,0,5,3,2,4,0
684,684,0,5,3,2,4,1
685,685,0,5,3,2,5,0
686,686,0,5,4,0,0,2
687,687,0,5,4,0,0,3
688,688,0,5,4,0,0,4
689,689,0,5,4,0,1,1
690,690,0,5,4,0,1,2
691,691,0,5,4,0,1,3
692,692,0,5,4,0,1,4
693,693,0,5,4,0,2,0
694,694,0,5,4,0,2,1
695,695,0,5,4,0,2,2
696,696,0,5,4,0,2,3
697,697,0,5,4,0,3,0
698,698,0,5,4,0,3,1
699,699,0,5,4,0,3,2
700,700,0,5,4,0,4,1
701,701,0,5,4,0,5,0
702,702,0,5,4,1,0,2
703,703,0,5,4,1,0,3
704,704,0,5,4,1,0,4
705,705,0,5,4,1,1,1
706,706,0,5,4,1,1,2
707,707,0,5,4,1,1,3
708,708,0,5,4,1,1,4
709,709,0,5,4,1,2,0
710,710,0,5,4,1,2,1
711,711,0,5,4,1,2,2
712,712,0,5,4,1,2,3
713,713,0,5,4,1,3,0
714,714,0,5,4,1,3,1
715,715,0,5,4,1,3,2
716,716,0,5,4,1,4,0
717,717,0,5,4,1,5,0
718,718,0,5,5,0,0,2
719,719,0,5,5,0,0,3
720,720,0,5,5,0,0,4
721,721,0,5,5,0,1,1
722,722,0,5,5,0,1,2
723,723,0,5,5,0,1,3
724,724,0,5,5,0,1,4
725,725,0,5,5,0,2,0
726,726,0,5,5,0,2,1
727,727,0,5,5,0,2,2
728,728,0,5,5,0,2,3
729,729,0,5,5,0,3,0
730,730,0,5,5,0,3,1
731,731,0,5,5,0,3,2
732,732,0,5,5,0,4,0
733,733,0,5,5,0,4,1
734,734,1,1,0,2,0,5
735,735,1,1,0,2,1,4
736,736,1,1,0,2,2,3
737,737,1,1,0,2,3,2
738,738,1,1,0,2,4,1
739,739,1,1,0,2,5,0
740,740,1,1,0,3,0,5
741,741,1,1,0,3,1,4
742,742,1,1,0,3,2,3
743,743,1,1,0,3,3,2
744,744,1,1,0,3,4,1
745,745,1,1,0,3,5,0
746,746,1,1,0,4,0,5
747,747,1,1,0,4,1,4
748,748,1,1,0,4,2,3
749,749,1,1,0,4,3,2
750,750,1,1,0,4,4,1
751,751,1,1,0,4,5,0
752,752,1,1,0,5,0,2
753,753,1,1,0,5,0,3
754,754,1,1,0,5,0,4
755,755,1,1,0,5,1,2
756,756,1,1,0,5,1,3
757,757,1,1,0,5,1,4
758,758,1,1,0,5,2,0
759,759,1,1,0,5,2,1
760,760,1,1,0,5,2,2
761,761,1,1,0,5,2,3
762,762,1,1,0,5,3,0
763,763,1,1,0,5,3,1
764,764,1,1,0,5,3,2
765,765,1,1,0,5,4,0
766,766,1,1,0,5,4,1
767,767,1,1,0,5,5,0
768,768,1,1,1,2,0,5
769,769,1,1,1,2,2,3
770,770,1,1,1,2,3,2
771,771,1,1,1,2,4,1
772,772,1,1,1,2,5,0
773,773,1,1,1,3,0,5
774,774,1,1,1,3,2,3
775,775,1,1,1,3,3,2
776,776,1,1,1,3,4,1
777,777,1,1,1,3,5,0
778,778,1,1,1,4,0,2
779,779,1,1,1,4,0,3
780,780,1,1,1,4,0,4
781,781,1,1,1,4,0,5
782,782,1,1,1,4,2,0
783,783,1,1,1,4,2,1
784,784,1,1,1,4,2,2
785,785,1,1,1,4,2,3
786,786,1,1,1,4,3,0
787,787,1,1,1,4,3,1
788,788,1,1,1,4,3,2
789,789,1,1,1,4,4,0
790,790,1,1,1,4,4,1
791,791,1,1,1,4,5,0
792,792,1,1,2,0,0,5
793,793,1,1,2,0,1,4
794,794,1,1,2,0,2,3
795,795,1,1,2,0,3,2
796,796,1,1,2,0,4,1
797,797,1,1,2,0,5,0
798,798,1,1,2,1,0,5
799,799,1,1,2,1,1,4
800,800,1,1,2,1,2,3
801,801,1,1,2,1,3,2
802,802,1,1,2,1,5,0
803,803,1,1,2,2,0,5
804,804,1,1,2,2,1,4
805,805,1,1,2,2,2,3
806,806,1,1,2,2,3,2
807,807,1,1,2,2,4,1
808,808,1,1,2,2,5,0
809,809,1,1,2,3,0,2
810,810,1,1,2,3,0,3
811,811,1,1,2,3,0,4
812,812,1,1,2,3,0,5
813,813,1,1,2,3,1,2
814,814,1,1,2,3,1,3
815,815,1,1,2,3,1,4
816,816,1,1,2,3,2,0
817,817,1,1,2,3,2,1
818,818,1,1,2,3,2,2
819,819,1,1,2,3,3,0
820,820,1,1,2,3,3,1
821,821,1,1,2,3,3,2
822,822,1,1,2,3,4,0
823,823,1,1,2,3,4,1
824,824,1,1,2,3,5,0
825,825,1,1,3,0,0,5
826,826,1,1,3,0,1,4
827,827,1,1,3,0,2,3
828,828,1,1,3,0,3,2
829,829,1,1,3,0,4,1
830,830,1,1,3,0,5,0
831,831,1,1,3,1,0,5
832,832,1,1,3,1,1,4
833,833,1,1,3,1,2,3
834,834,1,1,3,1,3,2
835,835,1,1,3,1,5,0
836,836,1,1,3,2,0,2
837,837,1,1,3,2,0,3
838,838,1,1,3,2,0,4
839,839,1,1,3,2,0,5
840,840,1,1,3,2,1,2
841,841,1,1,3,2,1,3
842,842,1,1,3,2,1,4
843,843,1,1,3,2,2,0
844,844,1,1,3,2,2,1
845,845,1,1,3,2,2,2
846,846,1,1,3,2,2,3
847,847,1,1,3,2,3,0
848,848,1,1,3,2,3,1
849,849,1,1,3,2,4,0
850,850,1,1,3,2,4,1
851,851,1,1,3,2,5,0
852,852,1,1,4,0,0,5
853,853,1,1,4,0,1,4
854,854,1,1,4,0,2,3
855,855,1,1,4,0,3,2
856,856,1,1,4,0,4,1
857,857,1,1,4,0,5,0
858,858,1,1,4,1,0,2
859,859,1,1,4,1,0,3
860,860,1,1,4,1,0,4
861,861,1,1,4,1,0,5
862,862,1,1,4,1,1,2
863,863,1,1,4,1,1,3
864,864,1,1,4,1,1,4
865,865,1,1,4,1,2,0
866,866,1,1,4,1,2,2
867,867,1,1,4,1,2,3
868,868,1,1,4,1,3,0
869,869,1,1,4,1,3,2
870,870,1,1,4,1,4,0
871,871,1,1,4,1,5,0
872,872,1,1,5,0,0,2
873,873,1,1,5,0,0,3
874,874,1,1,5,0,0,4
875,875,1,1,5,0,0,5
876,876,1,1,5,0,1,2
877,877,1,1,5,0,1,3
878,878,1,1,5,0,1,4
879,879,1,1,5,0,2,0
880,880,1,1,5,0,2,1
881,881,1,1,5,0,2,2
882,882,1,1,5,0,2,3
883,883,1,1,5,0,3,0
884,884,1,1,5,0,3,1
885,885,1,1,5,0,3,2
886,886,1,1,5,0,4,0
887,887,1,1,5,0,4,1
888,888,1,2,0,2,0,5
889,889,1,2,0,2,1,4
890,890,1,2,0,2,2,3
891,891,1,2,0,2,4,1
892,892,1,2,0,2,5,0
893,893,1,2,0,3,0,5
894,894,1,2,0,3,1,4
895,895,1,2,0,3,2,3
896,896,1,2,0,3,3,2
897,897,1,2,0,3,4,1
898,898,1,2,0,3,5,0
899,899,1,2,0,4,0,5
900,900,1,2,0,4,1,4
901,901,1,2,0,4,2,3
902,902,1,2,0,4,3,2
903,903,1,2,0,4,4,1
904,904,1,2,0,4,5,0
905,905,1,2,0,5,0,2
906,906,1,2,0,5,0,3
907,907,1,2,0,5,0,4
908,908,1,2,0,5,1,1
909,909,1,2,0,5,1,3
910,910,1,2,0,5,1,4
911,911,1,2,0,5,2,0
912,912,1,2,0,5,2,1
913,913,1,2,0,5,2,2
914,914,1,2,0,5,2,3
915,915,1,2,0,5,3,0
916,916,1,2,0,5,3,1
917,917,1,2,0,5,3,2
918,918,1,2,0,5,4,0
919,919,1,2,0,5,4,1
920,920,1,2,0,5,5,0
921,921,1,2,1,1,0,5
922,922,1,2,1,1,2,3
923,923,1,2,1,1,3,2
924,924,1,2,1,1,4,1
925,925,1,2,1,1,5,0
926,926,1,2,1,3,0,5
927,927,1,2,1,3,2,3
928,928,1,2,1,3,3,2
929,929,1,2,1,3,4,1
930,930,1,2,1,3,5,0
931,931,1,2,1,4,0,2
932,932,1,2,1,4,0,3
933,933,1,2,1,4,0,4
934,934,1,2,1,4,0,5
935,935,1,2,1,4,2,0
936,936,1,2,1,4,2,1
937,937,1,2,1,4,2,2
938,938,1,2,1,4,2,3
939,939,1,2,1,4,3,0
940,940,1,2,1,4,3,1
941,941,1,2,1,4,3,2
942,942,1,2,1,4,4,0
943,943,1,2,1,4,4,1
944,944,1,2,1,4,5,0
945,945,1,2,2,0,0,5
946,946,1,2,2,0,1,4
947,947,1,2,2,0,2,3
948,948,1,2,2,0,3,2
949,949,1,2,2,0,4,1
950,950,1,2,2,0,5,0
951,951,1,2,2,1,0,5
952,952,1,2,2,1,1,4
953,953,1,2,2,1,2,3
954,954,1,2,2,1,3,2
955,955,1,2,2,1,4,1
956,956,1,2,2,1,5,0
957,957,1,2,2,2,0,5
958,958,1,2,2,2,1,4
959,959,1,2,2,2,2,3
960,960,1,2,2,2,4,1
961,961,1,2,2,2,5,0
962,962,1,2,2,3,0,2
963,963,1,2,2,3,0,3
964,964,1,2,2,3,0,4
965,965,1,2,2,3,0,5
966,966,1,2,2,3,1,1
967,967,1,2,2,3,1,3
968,968,1,2,2,3,1,4
969,969,1,2,2,3,2,0
970,970,1,2,2,3,2,1
971,971,1,2,2,3,2,2
972,972,1,2,2,3,3,0
973,973,1,2,2,3,3,1
974,974,1,2,2,3,3,2
975,975,1,2,2,3,4,0
976,976,1,2,2,3,4,1
977,977,1,2,2,3,5,0
978,978,1,2,3,0,0,5
979,979,1,2,3,0,1,4
980,980,1,2,3,0,2,3
981,981,1,2,3,0,3,2
982,982,1,2,3,0,4,1
983,983,1,2,3,0,5,0
984,984,1,2,3,1,0,5
985,985,1,2,3,1,1,4
986,986,1,2,3,1,2,3
987,987,1,2,3,1,3,2
988,988,1,2,3,1,4,1
989,989,1,2,3,1,5,0
990,990,1,2,3,2,0,3
991,991,1,2,3,2,0,4
992,992,1,2,3,2,0,5
993,993,1,2,3,2,1,1
994,994,1,2,3,2,1,3
995,995,1,2,3,2,1,4
996,996,1,2,3,2,2,0
997,997,1,2,3,2,2,1
998,998,1,2,3,2,2,3
999,999,1,2,3,2,3,0
1000,1000,1,2,3,2,3,1
1001,1001,1,2,3,2,4,0
1002,1002,1,2,3,2,4,1
1003,1003,1,2,3,2,5,0
1004,1004,1,2,4,0,0,5
1005,1005,1,2,4,0,1,4
1006,1006,1,2,4,0,2,3
1007,1007,1,2,4,0,3,2
1008,1008,1,2,4,0,4,1
1009,1009,1,2,4,0,5,0
1010,1010,1,2,4,1,0,2
1011,1011,1,2,4,1,0,3
1012,1012,1,2,4,1,0,4
1013,1013,1,2,4,1,0,5
1014,1014,1,2,4,1,1,1
1015,1015,1,2,4,1,1,3
1016,1016,1,2,4,1,1,4
1017,1017,1,2,4,1,2,0
1018,1018,1,2,4,1,2,1
1019,1019,1,2,4,1,2,2
1020,1020,1,2,4,1,2,3
1021,1021,1,2,4,1,3,0
1022,1022,1,2,4,1,3,1
1023,1023,1,2,4,1,3,2
1024,1024,1,2,4,1,4,0
1025,1025,1,2,4,1,5,0
1026,1026,1,2,5,0,0,2
1027,1027,1,2,5,0,0,3
1028,1028,1,2,5,0,0,4
1029,1029,1,2,5,0,0,5
1030,1030,1,2,5,0,1,1
1031,1031,1,2,5,0,1,3
1032,1032,1,2,5,0,1,4
1033,1033,1,2,5,0,2,0
1034,1034,1,2,5,0,2,1
1035,1035,1,2,5,0,2,2
1036,1036,1,2,5,0,2,3
1037,1037,1,2,5,0,3,0
1038,1038,1,2,5,0,3,1
1039,1039,1,2,5,0,3,2
1040,1040,1,2,5,0,4,0
1041,1041,1,2,5,0,4,1
1042,1042,1,3,0,2,0,5
1043,1043,1,3,0,2,1,4
1044,1044,1,3,0,2,2,3
1045,1045,1,3,0,2,3,2
1046,1046,1,3,0,2,4,1
1047,1047,1,3,0,2,5,0
1048,1048,1,3,0,3,0,5
1049,1049,1,3,0,3,1,4
1050,1050,1,3,0,3,3,2
1051,1051,1,3,0,3,4,1
1052,1052,1,3,0,3,5,0
1053,1053,1,3,0,4,0,5
1054,1054,1,3,0,4,1,4
1055,1055,1,3,0,4,2,3
1056,1056,1,3,0,4,3,2
1057,1057,1,3,0,4,4,1
1058,1058,1,3,0,4,5,0
1059,1059,1,3,0,5,0,2
1060,1060,1,3,0,5,0,3
1061,1061,1,3,0,5,0,4
1062,1062,1,3,0,5,1,1
1063,1063,1,3,0,5,1,2
1064,1064,1,3,0,5,1,4
1065,1065,1,3,0,5,2,0
1066,1066,1,3,0,5,2,1
1067,1067,1,3,0,5,2,2
1068,1068,1,3,0,5,2,3
1069,1069,1,3,0,5,3,0
1070,1070,1,3,0,5,3,1
1071,1071,1,3,0,5,3,2
1072,1072,1,3,0,5,4,0
1073,1073,1,3,0,5,4,1
1074,1074,1,3,0,5,5,0
1075,1075,1,3,1,1,0,5
1076,1076,1,3,1,1,2,3
1077,1077,1,3,1,1,3,2
1078,1078,1,3,1,1,4,1
1079,1079,1,3,1,1,5,0
1080,1080,1,3,1,2,0,5
1081,1081,1,3,1,2,2,3
1082,1082,1,3,1,2,3,2
1083,1083,1,3,1,2,4,1
1084,1084,1,3,1,2,5,0
1085,1085,1,3,1,4,0,2
1086,1086,1,3,1,4,0,3
1087,1087,1,3,1,4,0,4
1088,1088,1,3,1,4,0,5
1089,1089,1,3,1,4,2,0
1090,1090,1,3,1,4,2,1
1091,1091,1,3,1,4,2,2
1092,1092,1,3,1,4,2,3
1093,1093,1,3,1,4,3,0
1094,1094,1,3,1,4,3,1
1095,1095,1,3,1,4,3,2
1096,1096,1,3,1,4,4,0
1097,1097,1,3,1,4,4,1
1098,1098,1,3,1,4,5,0
1099,1099,1,3,2,0,0,5
1100,1100,1,3,2,0,1,4
1101,1101,1,3,2,0,2,3
1102,1102,1,3,2,0,3,2
1103,1103,1,3,2,0,4,1
1104,1104,1,3,2,0,5,0
1105,1105,1,3,2,1,0,5
1106,1106,1,3,2,1,1,4
1107,1107,1,3,2,1,2,3
1108,1108,1,3,2,1,3,2
1109,1109,1,3,2,1,4,1
1110,1110,1,3,2,1,5,0
1111,1111,1,3,2,2,0,5
1112,1112,1,3,2,2,1,4
1113,1113,1,3,2,2,2,3
1114,1114,1,3,2,2,3,2
1115,1115,1,3,2,2,4,1
1116,1116,1,3,2,2,5,0
1117,1117,1,3,2,3,0,2
1118,1118,1,3,2,3,0,4
1119,1119,1,3,2,3,0,5
1120,1120,1,3,2,3,1,1
1121,1121,1,3,2,3,1,2
1122,1122,1,3,2,3,1,4
1123,1123,1,3,2,3,2,0
1124,1124,1,3,2,3,2,1
1125,1125,1,3,2,3,2,2
1126,1126,1,3,2,3,3,0
1127,1127,1,3,2,3,3,1
1128,1128,1,3,2,3,3,2
1129,1129,1,3,2,3,4,0
1130,1130,1,3,2,3,4,1
1131,1131,1,3,2,3,5,0
1132,1132,1,3,3,0,0,5
1133,1133,1,3,3,0,1,4
1134,1134,1,3,3,0,2,3
1135,1135,1,3,3,0,3,2
1136,1136,1,3,3,0,4,1
1137,1137,1,3,3,0,5,0
1138,1138,1,3,3,1,0,5
1139,1139,1,3,3,1,1,4
1140,1140,1,3,3,1,2,3
1141,1141,1,3,3,1,3,2
1142,1142,1,3,3,1,4,1
1143,1143,1,3,3,1,5,0
1144,1144,1,3,3,2,0,2
1145,1145,1,3,3,2,0,3
1146,1146,1,3,3,2,0,4
1147,1147,1,3,3,2,0,5
1148,1148,1,3,3,2,1,1
1149,1149,1,3,3,2,1,2
1150,1150,1,3,3,2,1,4
1151,1151,1,3,3,2,2,0
1152,1152,1,3,3,2,2,1
1153,1153,1,3,3,2,2,2
1154,1154,1,3,3,2,2,3
1155,1155,1,3,3,2,3,0
1156,1156,1,3,3,2,3,1
1157,1157,1,3,3,2,4,0
1158,1158,1,3,3,2,4,1
1159,1159,1,3,3,2,5,0
1160,1160,1,3,4,0,0,5
1161,1161,1,3,4,0,1,4
1162,1162,1,3,4,0,2,3
1163,1163,1,3,4,0,3,2
1164,1164,1,3,4,0,4,1
1165,1165,1,3,4,0,5,0
1166,1166,1,3,4,1,0,2
1167,1167,1,3,4,1,0,3
1168,1168,1,3,4,1,0,4
1169,1169,1,3,4,1,0,5
1170,1170,1,3,4,1,1,1
1171,1171,1,3,4,1,1,2
1172,1172,1,3,4,1,1,4
1173,1173,1,3,4,1,2,0
1174,1174,1,3,4,1,2,1
1175,1175,1,3,4,1,2,2
1176,1176,1,3,4,1,2,3
1177,1177,1,3,4,1,3,0
1178,1178,1,3,4,1,3,1
1179,1179,1,3,4,1,3,2
1180,1180,1,3,4,1,4,0
1181,1181,1,3,4,1,5,0
1182,1182,1,3,5,0,0,2
1183,1183,1,3,5,0,0,3
1184,1184,1,3,5,0,0,4
1185,1185,1,3,5,0,0,5
1186,1186,1,3,5,0,1,1
1187,1187,1,3,5,0,1,2
1188,1188,1,3,5,0,1,4
1189,1189,1,3,5,0,2,0
1190,1190,1,3,5,0,2,1
1191,1191,1,3,5,0,2,2
1192,1192,1,3,5,0,2,3
1193,1193,1,3,5,0,3,0
1194,1194,1,3,5,0,3,1
1195,1195,1,3,5,0,3,2
1196,1196,1,3,5,0,4,0
1197,1197,1,3,5,0,4,1
1198,1198,1,4,0,2,0,3
1199,1199,1,4,0,2,0,4
1200,1200,1,4,0,2,0,5
1201,1201,1,4,0,2,1,1
1202,1202,1,4,0,2,1,2
1203,1203,1,4,0,2,1,3
1204,1204,1,4,0,2,2,0
1205,1205,1,4,0,2,2,1
1206,1206,1,4,0,2,2,2
1207,1207,1,4,0,2,2,3
1208,1208,1,4,0,2,3,0
1209,1209,1,4,0,2,3,1
1210,1210,1,4,0,2,3,2
1211,1211,1,4,0,2,4,0
1212,1212,1,4,0,2,4,1
1213,1213,1,4,0,2,5,0
1214,1214,1,4,0,3,0,2
1215,1215,1,4,0,3,0,4
1216,1216,1,4,0,3,0,5
1217,1217,1,4,0,3,1,1
1218,1218,1,4,0,3,1,2
1219,1219,1,4,0,3,1,3
1220,1220,1,4,0,3,2,0
1221,1221,1,4,0,3,2,1
1222,1222,1,4,0,3,2,2
1223,1223,1,4,0,3,2,3
1224,1224,1,4,0,3,3,0
1225,1225,1,4,0,3,3,1
1226,1226,1,4,0,3,3,2
1227,1227,1,4,0,3,4,0
1228,1228,1,4,0,3,4,1
1229,1229,1,4,0,3,5,0
1230,1230,1,4,0,4,0,2
1231,1231,1,4,0,4,0,3
1232,1232,1,4,0,4,0,5
1233,1233,1,4,0,4,1,1
1234,1234,1,4,0,4,1,2
1235,1235,1,4,0,4,1,3
1236,1236,1,4,0,4,2,0
1237,1237,1,4,0,4,2,1
1238,1238,1,4,0,4,2,2
1239,1239,1,4,0,4,2,3
1240,1240,1,4,0,4,3,0
1241,1241,1,4,0,4,3,1
1242,1242,1,4,0,4,3,2
1243,1243,1,4,0,4,4,0
1244,1244,1,4,0,4,4,1
1245,1245,1,4,0,4,5,0
1246,1246,1,4,0,5,0,2
1247,1247,1,4,0,5,0,3
1248,1248,1,4,0,5,0,4
1249,1249,1,4,0,5,1,1
1250,1250,1,4,0,5,1,2
1251,1251,1,4,0,5,1,3
1252,1252,1,4,0,5,2,0
1253,1253,1,4,0,5,2,1
1254,1254,1,4,0,5,2,2
1255,1255,1,4,0,5,2,3
1256,1256,1,4,0,5,3,0
1257,1257,1,4,0,5,3,1
1258,1258,1,4,0,5,3,2
1259,1259,1,4,0,5,4,0
1260,1260,1,4,0,5,4,1
1261,1261,1,4,0,5,5,0
1262,1262,1,4,1,1,0,2
1263,1263,1,4,1,1,0,3
1264,1264,1,4,1,1,0,4
1265,1265,1,4,1,1,0,5
1266,1266,1,4,1,1,2,0
1267,1267,1,4,1,1,2,1
1268,1268,1,4,1,1,2,2
1269,1269,1,4,1,1,2,3
1270,1270,1,4,1,1,3,0
1271,1271,1,4,1,1,3,1
1272,1272,1,4,1,1,3,2
1273,1273,1,4,1,1,4,0
1274,1274,1,4,1,1,4,1
1275,1275,1,4,1,1,5,0
1276,1276,1,4,1,2,0,2
1277,1277,1,4,1,2,0,3
1278,1278,1,4,1,2,0,4
1279,1279,1,4,1,2,0,5
1280,1280,1,4,1,2,2,0
1281,1281,1,4,1,2,2,1
1282,1282,1,4,1,2,2,2
1283,1283,1,4,1,2,2,3
1284,1284,1,4,1,2,3,0
1285,1285,1,4,1,2,3,1
1286,1286,1,4,1,2,3,2
1287,1287,1,4,1,2,4,0
1288,1288,1,4,1,2,4,1
1289,1289,1,4,1,2,5,0
1290,1290,1,4,1,3,0,2
1291,1291,1,4,1,3,0,3
1292,1292,1,4,1,3,0,4
1293,1293,1,4,1,3,0,5
1294,1294,1,4,1,3,2,0
1295,1295,1,4,1,3,2,1
1296,1296,1,4,1,3,2,2
1297,1297,1,4,1,3,2,3
1298,1298,1,4,1,3,3,0
1299,1299,1,4,1,3,3,1
1300,1300,1,4,1,3,3,2
1301,1301,1,4,1,3,4,0
1302,1302,1,4,1,3,4,1
1303,1303,1,4,1,3,5,0
1304,1304,1,4,2,0,0,2
1305,1305,1,4,2,0,0,3
1306,1306,1,4,2,0,0,4
1307,1307,1,4,2,0,0,5
1308,1308,1,4,2,0,1,1
1309,1309,1,4,2,0,1,2
1310,1310,1,4,2,0,1,3
1311,1311,1,4,2,0,2,1
1312,1312,1,4,2,0,2,2
1313,1313,1,4,2,0,2,3
1314,1314,1,4,2,0,3,0
1315,1315,1,4,2,0,3,1
1316,1316,1,4,2,0,3,2
1317,1317,1,4,2,0,4,0
1318,1318,1,4,2,0,4,1
1319,1319,1,4,2,0,5,0
1320,1320,1,4,2,1,0,2
1321,1321,1,4,2,1,0,3
1322,1322,1,4,2,1,0,4
1323,1323,1,4,2,1,0,5
1324,1324,1,4,2,1,1,1
1325,1325,1,4,2,1,1,2
1326,1326,1,4,2,1,1,3
1327,1327,1,4,2,1,2,0
1328,1328,1,4,2,1,2,2
1329,1329,1,4,2,1,2,3
1330,1330,1,4,2,1,3,0
1331,1331,1,4,2,1,3,1
1332,1332,1,4,2,1,3,2
1333,1333,1,4,2,1,4,0
1334,1334,1,4,2,1,4,1
1335,1335,1,4,2,1,5,0
1336,1336,1,4,2,2,0,2
1337,1337,1,4,2,2,0,3
1338,1338,1,4,2,2,0,4
1339,1339,1,4,2,2,0,5
1340,1340,1,4,2,2,1,1
1341,1341,1,4,2,2,1,2
1342,1342,1,4,2,2,1,3
1343,1343,1,4,2,2,2,0
1344,1344,1,4,2,2,2,1
1345,1345,1,4,2,2,2,3
1346,1346,1,4,2,2,3,0
1347,1347,1,4,2,2,3,1
1348,1348,1,4,2,2,3,2
1349,1349,1,4,2,2,4,0
1350,1350,1,4,2,2,4,1
1351,1351,1,4,2,2,5,0
1352,1352,1,4,2,3,0,2
1353,1353,1,4,2,3,0,3
1354,1354,1,4,2,3,0,4
1355,1355,1,4,2,3,0,5
1356,1356,1,4,2,3,1,1
1357,1357,1,4,2,3,1,2
1358,1358,1,4,2,3,1,3
1359,1359,1,4,2,3,2,0
1360,1360,1,4,2,3,2,1
1361,1361,1,4,2,3,2,2
1362,1362,1,4,2,3,3,0
1363,1363,1,4,2,3,3,1
1364,1364,1,4,2,3,3,2
1365,1365,1,4,2,3,4,0
1366,1366,1,4,2,3,4,1
1367,1367,1,4,2,3,5,0
1368,1368,1,4,3,0,0,2
1369,1369,1,4,3,0,0,3
1370,1370,1,4,3,0,0,4
1371,1371,1,4,3,0,0,5
1372,1372,1,4,3,0,1,1
1373,1373,1,4,3,0,1,2
1374,1374,1,4,3,0,1,3
1375,1375,1,4,3,0,2,0
1376,1376,1,4,3,0,2,1
1377,1377,1,4,3,0,2,2
1378,1378,1,4,3,0,2,3
1379,1379,1,4,3,0,3,1
1380,1380,1,4,3,0,3,2
1381,1381,1,4,3,0,4,0
1382,1382,1,4,3,0,4,1
1383,1383,1,4,3,0,5,0
1384,1384,1,4,3,1,0,2
1385,1385,1,4,3,1,0,3
1386,1386,1,4,3,1,0,4
1387,1387,1,4,3,1,0,5
1388,1388,1,4,3,1,1,1
1389,1389,1,4,3,1,1,2
1390,1390,1,4,3,1,1,3
1391,1391,1,4,3,1,2,0
1392,1392,1,4,3,1,2,1
1393,1393,1,4,3,1,2,2
1394,1394,1,4,3,1,2,3
1395,1395,1,4,3,1,3,0
1396,1396,1,4,3,1,3,2
1397,1397,1,4,3,1,4,0
1398,1398,1,4,3,1,4,1
1399,1399,1,4,3,1,5,0
1400,1400,1,4,3,2,0,2
1401,1401,1,4,3,2,0,3
1402,1402,1,4,3,2,0,4
1403,1403,1,4,3,2,0,5
1404,1404,1,4,3,2,1,1
1405,1405,1,4,3,2,1,2
1406,1406,1,4,3,2,1,3
1407,1407,1,4,3,2,2,0
1408,1408,1,4,3,2,2,1
1409,1409,1,4,3,2,2,2
1410,1410,1,4,3,2,2,3
1411,1411,1,4,3,2,3,0
1412,1412,1,4,3,2,3,1
1413,1413,1,4,3,2,4,0
1414,1414,1,4,3,2,4,1
1415,1415,1,4,3,2,5,0
1416,1416,1,4,4,0,0,2
1417,1417,1,4,4,0,0,3
1418,1418,1,4,4,0,0,4
1419,1419,1,4,4,0,0,5
1420,1420,1,4,4,0,1,1
1421,1421,1,4,4,0,1,2
1422,1422,1,4,4,0,1,3
1423,1423,1,4,4,0,2,0
1424,1424,1,4,4,0,2,1
1425,1425,1,4,4,0,2,2
1426,1426,1,4,4,0,2,3
1427,1427,1,4,4,0,3,0
1428,1428,1,4,4,0,3,1
1429,1429,1,4,4,0,3,2
1430,1430,1,4,4,0,4,1
1431,1431,1,4,4,0,5,0
1432,1432,1,4,4,1,0,2
1433,1433,1,4,4,1,0,3
1434,1434,1,4,4,1,0,4
1435,1435,1,4,4,1,0,5
1436,1436,1,4,4,1,1,1
1437,1437,1,4,4,1,1,2
1438,1438,1,4,4,1,1,3
1439,1439,1,4,4,1,2,0
1440,1440,1,4,4,1,2,1
1441,1441,1,4,4,1,2,2
1442,1442,1,4,4,1,2,3
1443,1443,1,4,4,1,3,0
1444,1444,1,4,4,1,3,1
1445,1445,1,4,4,1,3,2
1446,1446,1,4,4,1,4,0
1447,1447,1,4,4,1,5,0
1448,1448,1,4,5,0,0,2
1449,1449,1,4,5,0,0,3
1450,1450,1,4,5,0,0,4
1451,1451,1,4,5,0,0,5
1452,1452,1,4,5,0,1,1
1453,1453,1,4,5,0,1,2
1454,1454,1,4,5,0,1,3
1455,1455,1,4,5,0,2,0
1456,1456,1,4,5,0,2,1
1457,1457,1,4,5,0,2,2
1458,1458,1,4,5,0,2,3
1459,1459,1,4,5,0,3,0
1460,1460,1,4,5,0,3,1
1461,1461,1,4,5,0,3,2
1462,1462,1,4,5,0,4,0
1463,1463,1,4,5,0,4,1
1464,1464,2,0,0,2,0,5
1465,1465,2,0,0,2,1,4
1466,1466,2,0,0,2,2,3
1467,1467,2,0,0,2,3,2
1468,1468,2,0,0,2,4,1
1469,1469,2,0,0,2,5,0
1470,1470,2,0,0,3,0,5
1471,1471,2,0,0,3,1,4
1472,1472,2,0,0,3,2,3
1473,1473,2,0,0,3,3,2
1474,1474,2,0,0,3,4,1
1475,1475,2,0,0,3,5,0
1476,1476,2,0,0,4,0,5
1477,1477,2,0,0,4,1,4
1478,1478,2,0,0,4,2,3
1479,1479,2,0,0,4,3,2
1480,1480,2,0,0,4,4,1
1481,1481,2,0,0,4,5,0
1482,1482,2,0,0,5,0,2
1483,1483,2,0,0,5,0,3
1484,1484,2,0,0,5,0,4
1485,1485,2,0,0,5,1,1
1486,1486,2,0,0,5,1,2
1487,1487,2,0,0,5,1,3
1488,1488,2,0,0,5,1,4
1489,1489,2,0,0,5,2,1
1490,1490,2,0,0,5,2,2
1491,1491,2,0,0,5,2,3
1492,1492,2,0,0,5,3,0
1493,1493,2,0,0,5,3,1
1494,1494,2,0,0,5,3,2
1495,1495,2,0,0,5,4,0
1496,1496,2,0,0,5,4,1
1497,1497,2,0,0,5,5,0
1498,1498,2,0,1,1,0,5
1499,1499,2,0,1,1,1,4
1500,1500,2,0,1,1,2,3
1501,1501,2,0,1,1,3,2
1502,1502,2,0,1,1,4,1
1503,1503,2,0,1,1,5,0
1504,1504,2,0,1,2,0,5
1505,1505,2,0,1,2,1,4
1506,1506,2,0,1,2,2,3
1507,1507,2,0,1,2,3,2
1508,1508,2,0,1,2,4,1
1509,1509,2,0,1,2,5,0
1510,1510,2,0,1,3,0,5
1511,1511,2,0,1,3,1,4
1512,1512,2,0,1,3,2,3
1513,1513,2,0,1,3,3,2
1514,1514,2,0,1,3,4,1
1515,1515,2,0,1,3,5,0
1516,1516,2,0,1,4,0,2
1517,1517,2,0,1,4,0,3
1518,1518,2,0,1,4,0,4
1519,1519,2,0,1,4,0,5
1520,1520,2,0,1,4,1,1
1521,1521,2,0,1,4,1,2
1522,1522,2,0,1,4,1,3
1523,1523,2,0,1,4,2,1
1524,1524,2,0,1,4,2,2
1525,1525,2,0,1,4,2,3
1526,1526,2,0,1,4,3,0
1527,1527,2,0,1,4,3,1
1528,1528,2,0,1,4,3,2
1529,1529,2,0,1,4,4,0
1530,1530,2,0,1,4,4,1
1531,1531,2,0,1,4,5,0
1532,1532,2,0,2,1,0,5
1533,1533,2,0,2,1,1,4
1534,1534,2,0,2,1,3,2
1535,1535,2,0,2,1,4,1
1536,1536,2,0,2,1,5,0
1537,1537,2,0,2,2,0,5
1538,1538,2,0,2,2,1,4
1539,1539,2,0,2,2,3,2
1540,1540,2,0,2,2,4,1
1541,1541,2,0,2,2,5,0
1542,1542,2,0,2,3,0,2
1543,1543,2,0,2,3,0,3
1544,1544,2,0,2,3,0,4
1545,1545,2,0,2,3,0,5
1546,1546,2,0,2,3,1,1
1547,1547,2,0,2,3,1,2
1548,1548,2,0,2,3,1,3
1549,1549,2,0,2,3,1,4
1550,1550,2,0,2,3,3,0
1551,1551,2,0,2,3,3,1
1552,1552,2,0,2,3,3,2
1553,1553,2,0,2,3,4,0
1554,1554,2,0,2,3,4,1
1555,1555,2,0,2,3,5,0
1556,1556,2,0,3,0,0,5
1557,1557,2,0,3,0,1,4
1558,1558,2,0,3,0,2,3
1559,1559,2,0,3,0,3,2
1560,1560,2,0,3,0,4,1
1561,1561,2,0,3,1,0,5
1562,1562,2,0,3,1,1,4
1563,1563,2,0,3,1,2,3
1564,1564,2,0,3,1,3,2
1565,1565,2,0,3,1,4,1
1566,1566,2,0,3,1,5,0
1567,1567,2,0,3,2,0,2
1568,1568,2,0,3,2,0,3
1569,1569,2,0,3,2,0,4
1570,1570,2,0,3,2,0,5
1571,1571,2,0,3,2,1,1
1572,1572,2,0,3,2,1,2
1573,1573,2,0,3,2,1,3
1574,1574,2,0,3,2,1,4
1575,1575,2,0,3,2,2,1
1576,1576,2,0,3,2,2,2
1577,1577,2,0,3,2,2,3
1578,1578,2,0,3,2,3,0
1579,1579,2,0,3,2,3,1
1580,1580,2,0,3,2,4,0
1581,1581,2,0,3,2,4,1
1582,1582,2,0,3,2,5,0
1583,1583,2,0,4,0,0,5
1584,1584,2,0,4,0,1,4
1585,1585,2,0,4,0,2,3
1586,1586,2,0,4,0,3,2
1587,1587,2,0,4,0,4,1
1588,1588,2,0,4,1,0,2
1589,1589,2,0,4,1,0,3
1590,1590,2,0,4,1,0,4
1591,1591,2,0,4,1,0,5
1592,1592,2,0,4,1,1,1
1593,1593,2,0,4,1,1,2
1594,1594,2,0,4,1,1,3
1595,1595,2,0,4,1,1,4
1596,1596,2,0,4,1,2,1
1597,1597,2,0,4,1,2,2
1598,1598,2,0,4,1,2,3
1599,1599,2,0,4,1,3,0
1600,1600,2,0,4,1,3,1
1601,1601,2,0,4,1,3,2
1602,1602,2,0,4,1,4,0
1603,1603,2,0,4,1,5,0
1604,1604,2,0,5,0,0,2
1605,1605,2,0,5,0,0,3
1606,1606,2,0,5,0,0,4
1607,1607,2,0,5,0,0,5
1608,1608,2,0,5,0,1,1
1609,1609,2,0,5,0,1,2
1610,1610,2,0,5,0,1,3
1611,1611,2,0,5,0,1,4
1612,1612,2,0,5,0,2,1
1613,1613,2,0,5,0,2,2
1614,1614,2,0,5,0,2,3
1615,1615,2,0,5,0,3,1
1616,1616,2,0,5,0,3,2
1617,1617,2,0,5,0,4,1
1618,1618,2,2,0,2,0,5
1619,1619,2,2,0,2,1,4
1620,1620,2,2,0,2,2,3
1621,1621,2,2,0,2,4,1
1622,1622,2,2,0,2,5,0
1623,1623,2,2,0,3,0,5
1624,1624,2,2,0,3,1,4
1625,1625,2,2,0,3,2,3
1626,1626,2,2,0,3,3,2
1627,1627,2,2,0,3,4,1
1628,1628,2,2,0,3,5,0
1629,1629,2,2,0,4,0,5
1630,1630,2,2,0,4,1,4
1631,1631,2,2,0,4,2,3
1632,1632,2,2,0,4,3,2
1633,1633,2,2,0,4,4,1
1634,1634,2,2,0,4,5,0
1635,1635,2,2,0,5,0,2
1636,1636,2,2,0,5,0,3
1637,1637,2,2,0,5,0,4
1638,1638,2,2,0,5,1,1
1639,1639,2,2,0,5,1,2
1640,1640,2,2,0,5,1,3
1641,1641,2,2,0,5,1,4
1642,1642,2,2,0,5,2,0
1643,1643,2,2,0,5,2,1
1644,1644,2,2,0,5,2,3
1645,1645,2,2,0,5,3,0
1646,1646,2,2,0,5,3,1
1647,1647,2,2,0,5,3,2
1648,1648,2,2,0,5,4,0
1649,1649,2,2,0,5,4,1
1650,1650,2,2,0,5,5,0
1651,1651,2,2,1,1,0,5
1652,1652,2,2,1,1,1,4
1653,1653,2,2,1,1,2,3
1654,1654,2,2,1,1,3,2
1655,1655,2,2,1,1,4,1
1656,1656,2,2,1,1,5,0
1657,1657,2,2,1,2,0,5
1658,1658,2,2,1,2,1,4
1659,1659,2,2,1,2,2,3
1660,1660,2,2,1,2,4,1
1661,1661,2,2,1,2,5,0
1662,1662,2,2,1,3,0,5
1663,1663,2,2,1,3,1,4
1664,1664,2,2,1,3,2,3
1665,1665,2,2,1,3,3,2
1666,1666,2,2,1,3,4,1
1667,1667,2,2,1,3,5,0
1668,1668,2,2,1,4,0,2
1669,1669,2,2,1,4,0,3
1670,1670,2,2,1,4,0,4
1671,1671,2,2,1,4,0,5
1672,1672,2,2,1,4,1,1
1673,1673,2,2,1,4,1,2
1674,1674,2,2,1,4,1,3
1675,1675,2,2,1,4,2,0
1676,1676,2,2,1,4,2,1
1677,1677,2,2,1,4,2,3
1678,1678,2,2,1,4,3,0
1679,1679,2,2,1,4,3,1
1680,1680,2,2,1,4,3,2
1681,1681,2,2,1,4,4,0
1682,1682,2,2,1,4,4,1
1683,1683,2,2,1,4,5,0
1684,1684,2,2,2,0,0,5
1685,1685,2,2,2,0,1,4
1686,1686,2,2,2,0,3,2
1687,1687,2,2,2,0,4,1
1688,1688,2,2,2,0,5,0
1689,1689,2,2,2,1,0,5
1690,1690,2,2,2,1,1,4
1691,1691,2,2,2,1,3,2
1692,1692,2,2,2,1,4,1
1693,1693,2,2,2,1,5,0
1694,1694,2,2,2,3,0,2
1695,1695,2,2,2,3,0,3
1696,1696,2,2,2,3,0,4
1697,1697,2,2,2,3,0,5
1698,1698,2,2,2,3,1,1
1699,1699,2,2,2,3,1,2
1700,1700,2,2,2,3,1,3
1701,1701,2,2,2,3,1,4
1702,1702,2,2,2,3,3,0
1703,1703,2,2,2,3,3,1
1704,1704,2,2,2,3,3,2
1705,1705,2,2,2,3,4,0
1706,1706,2,2,2,3,4,1
1707,1707,2,2,2,3,5,0
1708,1708,2,2,3,0,0,5
1709,1709,2,2,3,0,1,4
1710,1710,2,2,3,0,2,3
1711,1711,2,2,3,0,3,2
1712,1712,2,2,3,0,4,1
1713,1713,2,2,3,0,5,0
1714,1714,2,2,3,1,0,5
1715,1715,2,2,3,1,1,4
1716,1716,2,2,3,1,2,3
1717,1717,2,2,3,1,3,2
1718,1718,2,2,3,1,4,1
1719,1719,2,2,3,1,5,0
1720,1720,2,2,3,2,0,3
1721,1721,2,2,3,2,0,4
1722,1722,2,2,3,2,0,5
1723,1723,2,2,3,2,1,1
1724,1724,2,2,3,2,1,3
1725,1725,2,2,3,2,1,4
1726,1726,2,2,3,2,2,0
1727,1727,2,2,3,2,2,1
1728,1728,2,2,3,2,2,3
1729,1729,2,2,3,2,3,0
1730,1730,2,2,3,2,3,1
1731,1731,2,2,3,2,4,0
1732,1732,2,2,3,2,4,1
1733,1733,2,2,3,2,5,0
1734,1734,2,2,4,0,0,5
1735,1735,2,2,4,0,1,4
1736,1736,2,2,4,0,2,3
1737,1737,2,2,4,0,3,2
1738,1738,2,2,4,0,4,1
1739,1739,2,2,4,0,5,0
1740,1740,2,2,4,1,0,2
1741,1741,2,2,4,1,0,3
1742,1742,2,2,4,1,0,4
1743,1743,2,2,4,1,0,5
1744,1744,2,2,4,1,1,1
1745,1745,2,2,4,1,1,2
1746,1746,2,2,4,1,1,3
1747,1747,2,2,4,1,1,4
1748,1748,2,2,4,1,2,0
1749,1749,2,2,4,1,2,1
1750,1750,2,2,4,1,2,3
1751,1751,2,2,4,1,3,0
1752,1752,2,2,4,1,3,1
1753,1753,2,2,4,1,3,2
1754,1754,2,2,4,1,4,0
1755,1755,2,2,4,1,5,0
1756,1756,2,2,5,0,0,2
1757,1757,2,2,5,0,0,3
1758,1758,2,2,5,0,0,4
1759,1759,2,2,5,0,0,5
1760,1760,2,2,5,0,1,1
1761,1761,2,2,5,0,1,2
1762,1762,2,2,5,0,1,3
1763,1763,2,2,5,0,1,4
1764,1764,2,2,5,0,2,0
1765,1765,2,2,5,0,2,1
1766,1766,2,2,5,0,2,3
1767,1767,2,2,5,0,3,0
1768,1768,2,2,5,0,3,1
1769,1769,2,2,5,0,3,2
1770,1770,2,2,5,0,4,0
1771,1771,2,2,5,0,4,1
1772,1772,2,3,0,2,0,3
1773,1773,2,3,0,2,0,4
1774,1774,2,3,0,2,0,5
1775,1775,2,3,0,2,1,1
1776,1776,2,3,0,2,1,2
1777,1777,2,3,0,2,1,3
1778,1778,2,3,0,2,1,4
1779,1779,2,3,0,2,2,0
1780,1780,2,3,0,2,2,1
1781,1781,2,3,0,2,2,2
1782,1782,2,3,0,2,3,0
1783,1783,2,3,0,2,3,1
1784,1784,2,3,0,2,3,2
1785,1785,2,3,0,2,4,0
1786,1786,2,3,0,2,4,1
1787,1787,2,3,0,2,5,0
1788,1788,2,3,0,3,0,2
1789,1789,2,3,0,3,0,4
1790,1790,2,3,0,3,0,5
1791,1791,2,3,0,3,1,1
1792,1792,2,3,0,3,1,2
1793,1793,2,3,0,3,1,4
1794,1794,2,3,0,3,2,0
1795,1795,2,3,0,3,2,1
1796,1796,2,3,0,3,2,2
1797,1797,2,3,0,3,3,0
1798,1798,2,3,0,3,3,1
1799,1799,2,3,0,3,3,2
1800,1800,2,3,0,3,4,0
1801,1801,2,3,0,3,4,1
1802,1802,2,3,0,3,5,0
1803,1803,2,3,0,4,0,2
1804,1804,2,3,0,4,0,3
1805,1805,2,3,0,4,0,5
1806,1806,2,3,0,4,1,1
1807,1807,2,3,0,4,1,2
1808,1808,2,3,0,4,1,3
1809,1809,2,3,0,4,1,4
1810,1810,2,3,0,4,2,0
1811,1811,2,3,0,4,2,1
1812,1812,2,3,0,4,2,2
1813,1813,2,3,0,4,3,0
1814,1814,2,3,0,4,3,1
1815,1815,2,3,0,4,3,2
1816,1816,2,3,0,4,4,0
1817,1817,2,3,0,4,4,1
1818,1818,2,3,0,4,5,0
1819,1819,2,3,0,5,0,2
1820,1820,2,3,0,5,0,3
1821,1821,2,3,0,5,0,4
1822,1822,2,3,0,5,1,1
1823,1823,2,3,0,5,1,2
1824,1824,2,3,0,5,1,3
1825,1825,2,3,0,5,1,4
1826,1826,2,3,0,5,2,0
1827,1827,2,3,0,5,2,1
1828,1828,2,3,0,5,2,2
1829,1829,2,3,0,5,3,0
1830,1830,2,3,0,5,3,1
1831,1831,2,3,0,5,3,2
1832,1832,2,3,0,5,4,0
1833,1833,2,3,0,5,4,1
1834,1834,2,3,0,5,5,0
1835,1835,2,3,1,1,0,2
1836,1836,2,3,1,1,0,3
1837,1837,2,3,1,1,0,4
1838,1838,2,3,1,1,0,5
1839,1839,2,3,1,1,1,2
1840,1840,2,3,1,1,1,3
1841,1841,2,3,1,1,1,4
1842,1842,2,3,1,1,2,0
1843,1843,2,3,1,1,2,1
1844,1844,2,3,1,1,2,2
1845,1845,2,3,1,1,3,0
1846,1846,2,3,1,1,3,1
1847,1847,2,3,1,1,3,2
1848,1848,2,3,1,1,4,0
1849,1849,2,3,1,1,4,1
1850,1850,2,3,1,1,5,0
1851,1851,2,3,1,2,0,2
1852,1852,2,3,1,2,0,3
1853,1853,2,3,1,2,0,4
1854,1854,2,3,1,2,0,5
1855,1855,2,3,1,2,1,1
1856,1856,2,3,1,2,1,3
1857,1857,2,3,1,2,1,4
1858,1858,2,3,1,2,2,0
1859,1859,2,3,1,2,2,1
1860,1860,2,3,1,2,2,2
1861,1861,2,3,1,2,3,0
1862,1862,2,3,1,2,3,1
1863,1863,2,3,1,2,3,2
1864,1864,2,3,1,2,4,0
1865,1865,2,3,1,2,4,1
1866,1866,2,3,1,2,5,0
1867,1867,2,3,1,3,0,2
1868,1868,2,3,1,3,0,4
1869,1869,2,3,1,3,0,5
1870,1870,2,3,1,3,1,1
1871,1871,2,3,1,3,1,2
1872,1872,2,3,1,3,1,4
1873,1873,2,3,1,3,2,0
1874,1874,2,3,1,3,2,1
1875,1875,2,3,1,3,2,2
1876,1876,2,3,1,3,3,0
1877,1877,2,3,1,3,3,1
1878,1878,2,3,1,3,3,2
1879,1879,2,3,1,3,4,0
1880,1880,2,3,1,3,4,1
1881,1881,2,3,1,3,5,0
1882,1882,2,3,1,4,0,2
1883,1883,2,3,1,4,0,3
1884,1884,2,3,1,4,0,4
1885,1885,2,3,1,4,0,5
1886,1886,2,3,1,4,1,1
1887,1887,2,3,1,4,1,2
1888,1888,2,3,1,4,1,3
1889,1889,2,3,1,4,2,0
1890,1890,2,3,1,4,2,1
1891,1891,2,3,1,4,2,2
1892,1892,2,3,1,4,3,0
1893,1893,2,3,1,4,3,1
1894,1894,2,3,1,4,3,2
1895,1895,2,3,1,4,4,0
1896,1896,2,3,1,4,4,1
1897,1897,2,3,1,4,5,0
1898,1898,2,3,2,0,0,2
1899,1899,2,3,2,0,0,3
1900,1900,2,3,2,0,0,4
1901,1901,2,3,2,0,0,5
1902,1902,2,3,2,0,1,1
1903,1903,2,3,2,0,1,2
1904,1904,2,3,2,0,1,3
1905,1905,2,3,2,0,1,4
1906,1906,2,3,2,0,3,0
1907,1907,2,3,2,0,3,1
1908,1908,2,3,2,0,3,2
1909,1909,2,3,2,0,4,0
1910,1910,2,3,2,0,4,1
1911,1911,2,3,2,0,5,0
1912,1912,2,3,2,1,0,2
1913,1913,2,3,2,1,0,3
1914,1914,2,3,2,1,0,4
1915,1915,2,3,2,1,0,5
1916,1916,2,3,2,1,1,1
1917,1917,2,3,2,1,1,2
1918,1918,2,3,2,1,1,3
1919,1919,2,3,2,1,1,4
1920,1920,2,3,2,1,3,0
1921,1921,2,3,2,1,3,1
1922,1922,2,3,2,1,3,2
1923,1923,2,3,2,1,4,0
1924,1924,2,3,2,1,4,1
1925,1925,2,3,2,1,5,0
1926,1926,2,3,2,2,0,2
1927,1927,2,3,2,2,0,3
1928,1928,2,3,2,2,0,4
1929,1929,2,3,2,2,0,5
1930,1930,2,3,2,2,1,1
1931,1931,2,3,2,2,1,2
1932,1932,2,3,2,2,1,3
1933,1933,2,3,2,2,1,4
1934,1934,2,3,2,2,3,0
1935,1935,2,3,2,2,3,1
1936,1936,2,3,2,2,3,2
1937,1937,2,3,2,2,4,0
1938,1938,2,3,2,2,4,1
1939,1939,2,3,2,2,5,0
1940,1940,2,3,3,0,0,2
1941,1941,2,3,3,0,0,3
1942,1942,2,3,3,0,0,4
1943,1943,2,3,3,0,0,5
1944,1944,2,3,3,0,1,1
1945,1945,2,3,3,0,1,2
1946,1946,2,3,3,0,1,3
1947,1947,2,3,3,0,1,4
1948,1948,2,3,3,0,2,0
1949,1949,2,3,3,0,2,1
1950,1950,2,3,3,0,2,2
1951,1951,2,3,3,0,3,1
1952,1952,2,3,3,0,3,2
1953,1953,2,3,3,0,4,0
1954,1954,2,3,3,0,4,1
1955,1955,2,3,3,0,5,0
1956,1956,2,3,3,1,0,2
1957,1957,2,3,3,1,0,3
1958,1958,2,3,3,1,0,4
1959,1959,2,3,3,1,0,5
1960,1960,2,3,3,1,1,1
1961,1961,2,3,3,1,1,2
1962,1962,2,3,3,1,1,3
1963,1963,2,3,3,1,1,4
1964,1964,2,3,3,1,2,0
1965,1965,2,3,3,1,2,1
1966,1966,2,3,3,1,2,2
1967,1967,2,3,3,1,3,0
1968,1968,2,3,3,1,3,2
1969,1969,2,3,3,1,4,0
1970,1970,2,3,3,1,4,1
1971,1971,2,3,3,1,5,0
1972,1972,2,3,3,2,0,2
1973,1973,2,3,3,2,0,3
1974,1974,2,3,3,2,0,4
1975,1975,2,3,3,2,0,5
1976,1976,2,3,3,2,1,1
1977,1977,2,3,3,2,1,2
1978,1978,2,3,3,2,1,3
1979,1979,2,3,3,2,1,4
1980,1980,2,3,3,2,2,0
1981,1981,2,3,3,2,2,1
1982,1982,2,3,3,2,2,2
1983,1983,2,3,3,2,3,0
1984,1984,2,3,3,2,3,1
1985,1985,2,3,3,2,4,0
1986,1986,2,3,3,2,4,1
1987,1987,2,3,3,2,5,0
1988,1988,2,3,4,0,0,2
1989,1989,2,3,4,0,0,3
1990,1990,2,3,4,0,0,4
1991,1991,2,3,4,0,0,5
1992,1992,2,3,4,0,1,1
1993,1993,2,3,4,0,1,2
1994,1994,2,3,4,0,1,3
1995,1995,2,3,4,0,1,4
1996,1996,2,3,4,0,2,0
1997,1997,2,3,4,0,2,1
1998,1998,2,3,4,0,2,2
1999,1999,2,3,4,0,3,0
2000,2000,2,3,4,0,3,1
2001,2001,2,3,4,0,3,2
2002,2002,2,3,4,0,4,1
2003,2003,2,3,4,0,5,0
2004,2004,2,3,4,1,0,2
2005,2005,2,3,4,1,0,3
2006,2006,2,3,4,1,0,4
2007,2007,2,3,4,1,0,5
2008,2008,2,3,4,1,1,1
2009,2009,2,3,4,1,1,2
2010,2010,2,3,4,1,1,3
2011,2011,2,3,4,1,1,4
2012,2012,2,3,4,1,2,0
2013,2013,2,3,4,1,2,1
2014,2014,2,3,4,1,2,2
2015,2015,2,3,4,1,3,0
2016,2016,2,3,4,1,3,1
2017,2017,2,3,4,1,3,2
2018,2018,2,3,4,1,4,0
2019,2019,2,3,4,1,5,0
2020,2020,2,3,5,0,0,2
2021,2021,2,3,5,0,0,3
2022,2022,2,3,5,0,0,4
2023,2023,2,3,5,0,0,5
2024,2024,2,3,5,0,1,1
2025,2025,2,3,5,0,1,2
2026,2026,2,3,5,0,1,3
2027,2027,2,3,5,0,1,4
2028,2028,2,3,5,0,2,0
2029,2029,2,3,5,0,2,1
2030,2030,2,3,5,0,2,2
2031,2031,2,3,5,0,3,0
2032,2032,2,3,5,0,3,1
2033,2033,2,3,5,0,3,2
2034,2034,2,3,5,0,4,0
2035,2035,2,3,5,0,4,1
2036,2036,3,0,0,2,0,5
2037,2037,3,0,0,2,1,4
2038,2038,3,0,0,2,2,3
2039,2039,3,0,0,2,3,2
2040,2040,3,0,0,2,4,1
2041,2041,3,0,0,2,5,0
2042,2042,3,0,0,3,0,5
2043,2043,3,0,0,3,1,4
2044,2044,3,0,0,3,2,3
2045,2045,3,0,0,3,3,2
2046,2046,3,0,0,3,4,1
2047,2047,3,0,0,3,5,0
2048,2048,3,0,0,4,0,5
2049,2049,3,0,0,4,1,4
2050,2050,3,0,0,4,2,3
2051,2051,3,0,0,4,3,2
2052,2052,3,0,0,4,4,1
2053,2053,3,0,0,4,5,0
2054,2054,3,0,0,5,0,2
2055,2055,3,0,0,5,0,3
2056,2056,3,0,0,5,0,4
2057,2057,3,0,0,5,1,1
2058,2058,3,0,0,5,1,2
2059,2059,3,0,0,5,1,3
2060,2060,3,0,0,5,1,4
2061,2061,3,0,0,5,2,0
2062,2062,3,0,0,5,2,1
2063,2063,3,0,0,5,2,2
2064,2064,3,0,0,5,2,3
2065,2065,3,0,0,5,3,1
2066,2066,3,0,0,5,3,2
2067,2067,3,0,0,5,4,0
2068,2068,3,0,0,5,4,1
2069,2069,3,0,0,5,5,0
2070,2070,3,0,1,1,0,5
2071,2071,3,0,1,1,1,4
2072,2072,3,0,1,1,2,3
2073,2073,3,0,1,1,3,2
2074,2074,3,0,1,1,4,1
2075,2075,3,0,1,1,5,0
2076,2076,3,0,1,2,0,5
2077,2077,3,0,1,2,1,4
2078,2078,3,0,1,2,2,3
2079,2079,3,0,1,2,3,2
2080,2080,3,0,1,2,4,1
2081,2081,3,0,1,2,5,0
2082,2082,3,0,1,3,0,5
2083,2083,3,0,1,3,1,4
2084,2084,3,0,1,3,2,3
2085,2085,3,0,1,3,3,2
2086,2086,3,0,1,3,4,1
2087,2087,3,0,1,3,5,0
2088,2088,3,0,1,4,0,2
2089,2089,3,0,1,4,0,3
2090,2090,3,0,1,4,0,4
2091,2091,3,0,1,4,0,5
2092,2092,3,0,1,4,1,1
2093,2093,3,0,1,4,1,2
2094,2094,3,0,1,4,1,3
2095,2095,3,0,1,4,2,0
2096,2096,3,0,1,4,2,1
2097,2097,3,0,1,4,2,2
2098,2098,3,0,1,4,2,3
2099,2099,3,0,1,4,3,1
2100,2100,3,0,1,4,3,2
2101,2101,3,0,1,4,4,0
2102,2102,3,0,1,4,4,1
2103,2103,3,0,1,4,5,0
2104,2104,3,0,2,0,0,5
2105,2105,3,0,2,0,1,4
2106,2106,3,0,2,0,2,3
2107,2107,3,0,2,0,3,2
2108,2108,3,0,2,0,4,1
2109,2109,3,0,2,1,0,5
2110,2110,3,0,2,1,1,4
2111,2111,3,0,2,1,2,3
2112,2112,3,0,2,1,3,2
2113,2113,3,0,2,1,4,1
2114,2114,3,0,2,1,5,0
2115,2115,3,0,2,2,0,5
2116,2116,3,0,2,2,1,4
2117,2117,3,0,2,2,2,3
2118,2118,3,0,2,2,3,2
2119,2119,3,0,2,2,4,1
2120,2120,3,0,2,2,5,0
2121,2121,3,0,2,3,0,2
2122,2122,3,0,2,3,0,3
2123,2123,3,0,2,3,0,4
2124,2124,3,0,2,3,0,5
2125,2125,3,0,2,3,1,1
2126,2126,3,0,2,3,1,2
2127,2127,3,0,2,3,1,3
2128,2128,3,0,2,3,1,4
2129,2129,3,0,2,3,2,0
2130,2130,3,0,2,3,2,1
2131,2131,3,0,2,3,2,2
2132,2132,3,0,2,3,3,1
2133,2133,3,0,2,3,3,2
2134,2134,3,0,2,3,4,0
2135,2135,3,0,2,3,4,1
2136,2136,3,0,2,3,5,0
2137,2137,3,0,3,1,0,5
2138,2138,3,0,3,1,1,4
2139,2139,3,0,3,1,2,3
2140,2140,3,0,3,1,4,1
2141,2141,3,0,3,1,5,0
2142,2142,3,0,3,2,0,2
2143,2143,3,0,3,2,0,3
2144,2144,3,0,3,2,0,4
2145,2145,3,0,3,2,0,5
2146,2146,3,0,3,2,1,1
2147,2147,3,0,3,2,1,2
2148,2148,3,0,3,2,1,3
2149,2149,3,0,3,2,1,4
2150,2150,3,0,3,2,2,0
2151,2151,3,0,3,2,2,1
2152,2152,3,0,3,2,2,2
2153,2153,3,0,3,2,2,3
2154,2154,3,0,3,2,4,0
2155,2155,3,0,3,2,4,1
2156,2156,3,0,3,2,5,0
2157,2157,3,0,4,0,0,5
2158,2158,3,0,4,0,1,4
2159,2159,3,0,4,0,2,3
2160,2160,3,0,4,0,3,2
2161,2161,3,0,4,0,4,1
2162,2162,3,0,4,1,0,2
2163,2163,3,0,4,1,0,3
2164,2164,3,0,4,1,0,4
2165,2165,3,0,4,1,0,5
2166,2166,3,0,4,1,1,1
2167,2167,3,0,4,1,1,2
2168,2168,3,0,4,1,1,3
2169,2169,3,0,4,1,1,4
2170,2170,3,0,4,1,2,0
2171,2171,3,0,4,1,2,1
2172,2172,3,0,4,1,2,2
2173,2173,3,0,4,1,2,3
2174,2174,3,0,4,1,3,1
2175,2175,3,0,4,1,3,2
2176,2176,3,0,4,1,4,0
2177,2177,3,0,4,1,5,0
2178,2178,3,0,5,0,0,2
2179,2179,3,0,5,0,0,3
2180,2180,3,0,5,0,0,4
2181,2181,3,0,5,0,0,5
2182,2182,3,0,5,0,1,1
2183,2183,3,0,5,0,1,2
2184,2184,3,0,5,0,1,3
2185,2185,3,0,5,0,1,4
2186,2186,3,0,5,0,2,1
2187,2187,3,0,5,0,2,2
2188,2188,3,0,5,0,2,3
2189,2189,3,0,5,0,3,1
2190,2190,3,0,5,0,3,2
2191,2191,3,0,5,0,4,1
2192,2192,3,1,0,2,0,5
2193,2193,3,1,0,2,1,4
2194,2194,3,1,0,2,2,3
2195,2195,3,1,0,2,3,2
2196,2196,3,1,0,2,4,1
2197,2197,3,1,0,2,5,0
2198,2198,3,1,0,3,0,5
2199,2199,3,1,0,3,1,4
2200,2200,3,1,0,3,2,3
2201,2201,3,1,0,3,3,2
2202,2202,3,1,0,3,4,1
2203,2203,3,1,0,3,5,0
2204,2204,3,1,0,4,0,5
2205,2205,3,1,0,4,1,4
2206,2206,3,1,0,4,2,3
2207,2207,3,1,0,4,3,2
2208,2208,3,1,0,4,4,1
2209,2209,3,1,0,4,5,0
2210,2210,3,1,0,5,0,2
2211,2211,3,1,0,5,0,3
2212,2212,3,1,0,5,0,4
2213,2213,3,1,0,5,1,1
2214,2214,3,1,0,5,1,2
2215,2215,3,1,0,5,1,3
2216,2216,3,1,0,5,1,4
2217,2217,3,1,0,5,2,0
2218,2218,3,1,0,5,2,1
2219,2219,3,1,0,5,2,2
2220,2220,3,1,0,5,2,3
2221,2221,3,1,0,5,3,0
2222,2222,3,1,0,5,3,2
2223,2223,3,1,0,5,4,0
2224,2224,3,1,0,5,4,1
2225,2225,3,1,0,5,5,0
2226,2226,3,1,1,1,0,5
2227,2227,3,1,1,1,1,4
2228,2228,3,1,1,1,2,3
2229,2229,3,1,1,1,3,2
2230,2230,3,1,1,1,5,0
2231,2231,3,1,1,2,0,5
2232,2232,3,1,1,2,1,4
2233,2233,3,1,1,2,2,3
2234,2234,3,1,1,2,3,2
2235,2235,3,1,1,2,4,1
2236,2236,3,1,1,2,5,0
2237,2237,3,1,1,3,0,5
2238,2238,3,1,1,3,1,4
2239,2239,3,1,1,3,2,3
2240,2240,3,1,1,3,3,2
2241,2241,3,1,1,3,4,1
2242,2242,3,1,1,3,5,0
2243,2243,3,1,1,4,0,2
2244,2244,3,1,1,4,0,3
2245,2245,3,1,1,4,0,4
2246,2246,3,1,1,4,0,5
2247,2247,3,1,1,4,1,1
2248,2248,3,1,1,4,1,2
2249,2249,3,1,1,4,1,3
2250,2250,3,1,1,4,2,0
2251,2251,3,1,1,4,2,1
2252,2252,3,1,1,4,2,2
2253,2253,3,1,1,4,2,3
2254,2254,3,1,1,4,3,0
2255,2255,3,1,1,4,3,2
2256,2256,3,1,1,4,4,0
2257,2257,3,1,1,4,4,1
2258,2258,3,1,1,4,5,0
2259,2259,3,1,2,0,0,5
2260,2260,3,1,2,0,1,4
2261,2261,3,1,2,0,2,3
2262,2262,3,1,2,0,3,2
2263,2263,3,1,2,0,4,1
2264,2264,3,1,2,0,5,0
2265,2265,3,1,2,1,0,5
2266,2266,3,1,2,1,1,4
2267,2267,3,1,2,1,2,3
2268,2268,3,1,2,1,3,2
2269,2269,3,1,2,1,5,0
2270,2270,3,1,2,2,0,5
2271,2271,3,1,2,2,1,4
2272,2272,3,1,2,2,2,3
2273,2273,3,1,2,2,3,2
2274,2274,3,1,2,2,4,1
2275,2275,3,1,2,2,5,0
2276,2276,3,1,2,3,0,2
2277,2277,3,1,2,3,0,3
2278,2278,3,1,2,3,0,4
2279,2279,3,1,2,3,0,5
2280,2280,3,1,2,3,1,1
2281,2281,3,1,2,3,1,2
2282,2282,3,1,2,3,1,3
2283,2283,3,1,2,3,1,4
2284,2284,3,1,2,3,2,0
2285,2285,3,1,2,3,2,1
2286,2286,3,1,2,3,2,2
2287,2287,3,1,2,3,3,0
2288,2288,3,1,2,3,3,2
2289,2289,3,1,2,3,4,0
2290,2290,3,1,2,3,4,1
2291,2291,3,1,2,3,5,0
2292,2292,3,1,3,0,0,5
2293,2293,3,1,3,0,1,4
2294,2294,3,1,3,0,2,3
2295,2295,3,1,3,0,4,1
2296,2296,3,1,3,0,5,0
2297,2297,3,1,3,2,0,2
2298,2298,3,1,3,2,0,3
2299,2299,3,1,3,2,0,4
2300,2300,3,1,3,2,0,5
2301,2301,3,1,3,2,1,1
2302,2302,3,1,3,2,1,2
2303,2303,3,1,3,2,1,3
2304,2304,3,1,3,2,1,4
2305,2305,3,1,3,2,2,0
2306,2306,3,1,3,2,2,1
2307,2307,3,1,3,2,2,2
2308,2308,3,1,3,2,2,3
2309,2309,3,1,3,2,4,0
2310,2310,3,1,3,2,4,1
2311,2311,3,1,3,2,5,0
2312,2312,3,1,4,0,0,5
2313,2313,3,1,4,0,1,4
2314,2314,3,1,4,0,2,3
2315,2315,3,1,4,0,3,2
2316,2316,3,1,4,0,4,1
2317,2317,3,1,4,0,5,0
2318,2318,3,1,4,1,0,2
2319,2319,3,1,4,1,0,3
2320,2320,3,1,4,1,0,4
2321,2321,3,1,4,1,0,5
2322,2322,3,1,4,1,1,2
2323,2323,3,1,4,1,1,3
2324,2324,3,1,4,1,1,4
2325,2325,3,1,4,1,2,0
2326,2326,3,1,4,1,2,2
2327,2327,3,1,4,1,2,3
2328,2328,3,1,4,1,3,0
2329,2329,3,1,4,1,3,2
2330,2330,3,1,4,1,4,0
2331,2331,3,1,4,1,5,0
2332,2332,3,1,5,0,0,2
2333,2333,3,1,5,0,0,3
2334,2334,3,1,5,0,0,4
2335,2335,3,1,5,0,0,5
2336,2336,3,1,5,0,1,1
2337,2337,3,1,5,0,1,2
2338,2338,3,1,5,0,1,3
2339,2339,3,1,5,0,1,4
2340,2340,3,1,5,0,2,0
2341,2341,3,1,5,0,2,1
2342,2342,3,1,5,0,2,2
2343,2343,3,1,5,0,2,3
2344,2344,3,1,5,0,3,0
2345,2345,3,1,5,0,3,2
2346,2346,3,1,5,0,4,0
2347,2347,3,1,5,0,4,1
2348,2348,4,0,0,2,0,5
2349,2349,4,0,0,2,1,4
2350,2350,4,0,0,2,2,3
2351,2351,4,0,0,2,3,2
2352,2352,4,0,0,2,4,1
2353,2353,4,0,0,2,5,0
2354,2354,4,0,0,3,0,5
2355,2355,4,0,0,3,1,4
2356,2356,4,0,0,3,2,3
2357,2357,4,0,0,3,3,2
2358,2358,4,0,0,3,4,1
2359,2359,4,0,0,3,5,0
2360,2360,4,0,0,4,0,5
2361,2361,4,0,0,4,1,4
2362,2362,4,0,0,4,2,3
2363,2363,4,0,0,4,3,2
2364,2364,4,0,0,4,4,1
2365,2365,4,0,0,4,5,0
2366,2366,4,0,0,5,0,2
2367,2367,4,0,0,5,0,3
2368,2368,4,0,0,5,0,4
2369,2369,4,0,0,5,1,1
2370,2370,4,0,0,5,1,2
2371,2371,4,0,0,5,1,3
2372,2372,4,0,0,5,1,4
2373,2373,4,0,0,5,2,0
2374,2374,4,0,0,5,2,1
2375,2375,4,0,0,5,2,2
2376,2376,4,0,0,5,2,3
2377,2377,4,0,0,5,3,0
2378,2378,4,0,0,5,3,1
2379,2379,4,0,0,5,3,2
2380,2380,4,0,0,5,4,1
2381,2381,4,0,0,5,5,0
2382,2382,4,0,1,1,0,5
2383,2383,4,0,1,1,1,4
2384,2384,4,0,1,1,2,3
2385,2385,4,0,1,1,3,2
2386,2386,4,0,1,1,4,1
2387,2387,4,0,1,1,5,0
2388,2388,4,0,1,2,0,5
2389,2389,4,0,1,2,1,4
2390,2390,4,0,1,2,2,3
2391,2391,4,0,1,2,3,2
2392,2392,4,0,1,2,4,1
2393,2393,4,0,1,2,5,0
2394,2394,4,0,1,3,0,5
2395,2395,4,0,1,3,1,4
2396,2396,4,0,1,3,2,3
2397,2397,4,0,1,3,3,2
2398,2398,4,0,1,3,4,1
2399,2399,4,0,1,3,5,0
2400,2400,4,0,1,4,0,2
2401,2401,4,0,1,4,0,3
2402,2402,4,0,1,4,0,4
2403,2403,4,0,1,4,0,5
2404,2404,4,0,1,4,1,1
2405,2405,4,0,1,4,1,2
2406,2406,4,0,1,4,1,3
2407,2407,4,0,1,4,2,0
2408,2408,4,0,1,4,2,1
2409,2409,4,0,1,4,2,2
2410,2410,4,0,1,4,2,3
2411,2411,4,0,1,4,3,0
2412,2412,4,0,1,4,3,1
2413,2413,4,0,1,4,3,2
2414,2414,4,0,1,4,4,1
2415,2415,4,0,1,4,5,0
2416,2416,4,0,2,0,0,5
2417,2417,4,0,2,0,1,4
2418,2418,4,0,2,0,2,3
2419,2419,4,0,2,0,3,2
2420,2420,4,0,2,0,4,1
2421,2421,4,0,2,1,0,5
2422,2422,4,0,2,1,1,4
2423,2423,4,0,2,1,2,3
2424,2424,4,0,2,1,3,2
2425,2425,4,0,2,1,4,1
2426,2426,4,0,2,1,5,0
2427,2427,4,0,2,2,0,5
2428,2428,4,0,2,2,1,4
2429,2429,4,0,2,2,2,3
2430,2430,4,0,2,2,3,2
2431,2431,4,0,2,2,4,1
2432,2432,4,0,2,2,5,0
2433,2433,4,0,2,3,0,2
2434,2434,4,0,2,3,0,3
2435,2435,4,0,2,3,0,4
2436,2436,4,0,2,3,0,5
2437,2437,4,0,2,3,1,1
2438,2438,4,0,2,3,1,2
2439,2439,4,0,2,3,1,3
2440,2440,4,0,2,3,1,4
2441,2441,4,0,2,3,2,0
2442,2442,4,0,2,3,2,1
2443,2443,4,0,2,3,2,2
2444,2444,4,0,2,3,3,0
2445,2445,4,0,2,3,3,1
2446,2446,4,0,2,3,3,2
2447,2447,4,0,2,3,4,1
2448,2448,4,0,2,3,5,0
2449,2449,4,0,3,0,0,5
2450,2450,4,0,3,0,1,4
2451,2451,4,0,3,0,2,3
2452,2452,4,0,3,0,3,2
2453,2453,4,0,3,0,4,1
2454,2454,4,0,3,1,0,5
2455,2455,4,0,3,1,1,4
2456,2456,4,0,3,1,2,3
2457,2457,4,0,3,1,3,2
2458,2458,4,0,3,1,4,1
2459,2459,4,0,3,1,5,0
2460,2460,4,0,3,2,0,2
2461,2461,4,0,3,2,0,3
2462,2462,4,0,3,2,0,4
2463,2463,4,0,3,2,0,5
2464,2464,4,0,3,2,1,1
2465,2465,4,0,3,2,1,2
2466,2466,4,0,3,2,1,3
2467,2467,4,0,3,2,1,4
2468,2468,4,0,3,2,2,0
2469,2469,4,0,3,2,2,1
2470,2470,4,0,3,2,2,2
2471,2471,4,0,3,2,2,3
2472,2472,4,0,3,2,3,0
2473,2473,4,0,3,2,3,1
2474,2474,4,0,3,2,4,1
2475,2475,4,0,3,2,5,0
2476,2476,4,0,4,1,0,2
2477,2477,4,0,4,1,0,3
2478,2478,4,0,4,1,0,4
2479,2479,4,0,4,1,0,5
2480,2480,4,0,4,1,1,1
2481,2481,4,0,4,1,1,2
2482,2482,4,0,4,1,1,3
2483,2483,4,0,4,1,1,4
2484,2484,4,0,4,1,2,0
2485,2485,4,0,4,1,2,1
2486,2486,4,0,4,1,2,2
2487,2487,4,0,4,1,2,3
2488,2488,4,0,4,1,3,0
2489,2489,4,0,4,1,3,1
2490,2490,4,0,4,1,3,2
2491,2491,4,0,4,1,5,0
2492,2492,4,0,5,0,0,2
2493,2493,4,0,5,0,0,3
2494,2494,4,0,5,0,0,4
2495,2495,4,0,5,0,0,5
2496,2496,4,0,5,0,1,1
2497,2497,4,0,5,0,1,2
2498,2498,4,0,5,0,1,3
2499,2499,4,0,5,0,1,4
2500,2500,4,0,5,0,2,1
2501,2501,4,0,5,0,2,2
2502,2502,4,0,5,0,2,3
2503,2503,4,0,5,0,3,1
2504,2504,4,0,5,0,3,2
2505,2505,4,0,5,0,4,1
2506,2506,4,1,0,2,0,3
2507,2507,4,1,0,2,0,4
2508,2508,4,1,0,2,0,5
2509,2509,4,1,0,2,1,1
2510,2510,4,1,0,2,1,2
2511,2511,4,1,0,2,1,3
2512,2512,4,1,0,2,1,4
2513,2513,4,1,0,2,2,0
2514,2514,4,1,0,2,2,1
2515,2515,4,1,0,2,2,2
2516,2516,4,1,0,2,2,3
2517,2517,4,1,0,2,3,0
2518,2518,4,1,0,2,3,1
2519,2519,4,1,0,2,3,2
2520,2520,4,1,0,2,4,0
2521,2521,4,1,0,2,5,0
2522,2522,4,1,0,3,0,2
2523,2523,4,1,0,3,0,4
2524,2524,4,1,0,3,0,5
2525,2525,4,1,0,3,1,1
2526,2526,4,1,0,3,1,2
2527,2527,4,1,0,3,1,3
2528,2528,4,1,0,3,1,4
2529,2529,4,1,0,3,2,0
2530,2530,4,1,0,3,2,1
2531,2531,4,1,0,3,2,2
2532,2532,4,1,0,3,2,3
2533,2533,4,1,0,3,3,0
2534,2534,4,1,0,3,3,1
2535,2535,4,1,0,3,3,2
2536,2536,4,1,0,3,4,0
2537,2537,4,1,0,3,5,0
2538,2538,4,1,0,4,0,2
2539,2539,4,1,0,4,0,3
2540,2540,4,1,0,4,0,5
2541,2541,4,1,0,4,1,1
2542,2542,4,1,0,4,1,2
2543,2543,4,1,0,4,1,3
2544,2544,4,1,0,4,1,4
2545,2545,4,1,0,4,2,0
2546,2546,4,1,0,4,2,1
2547,2547,4,1,0,4,2,2
2548,2548,4,1,0,4,2,3
2549,2549,4,1,0,4,3,0
2550,2550,4,1,0,4,3,1
2551,2551,4,1,0,4,3,2
2552,2552,4,1,0,4,4,0
2553,2553,4,1,0,4,5,0
2554,2554,4,1,0,5,0,2
2555,2555,4,1,0,5,0,3
2556,2556,4,1,0,5,0,4
2557,2557,4,1,0,5,1,1
2558,2558,4,1,0,5,1,2
2559,2559,4,1,0,5,1,3
2560,2560,4,1,0,5,1,4
2561,2561,4,1,0,5,2,0
2562,2562,4,1,0,5,2,1
2563,2563,4,1,0,5,2,2
2564,2564,4,1,0,5,2,3
2565,2565,4,1,0,5,3,0
2566,2566,4,1,0,5,3,1
2567,2567,4,1,0,5,3,2
2568,2568,4,1,0,5,4,0
2569,2569,4,1,0,5,5,0
2570,2570,4,1,1,1,0,2
2571,2571,4,1,1,1,0,3
2572,2572,4,1,1,1,0,4
2573,2573,4,1,1,1,0,5
2574,2574,4,1,1,1,1,2
2575,2575,4,1,1,1,1,3
2576,2576,4,1,1,1,1,4
2577,2577,4,1,1,1,2,0
2578,2578,4,1,1,1,2,2
2579,2579,4,1,1,1,2,3
2580,2580,4,1,1,1,3,0
2581,2581,4,1,1,1,3,2
2582,2582,4,1,1,1,4,0
2583,2583,4,1,1,1,5,0
2584,2584,4,1,1,2,0,2
2585,2585,4,1,1,2,0,3
2586,2586,4,1,1,2,0,4
2587,2587,4,1,1,2,0,5
2588,2588,4,1,1,2,1,1
2589,2589,4,1,1,2,1,3
2590,2590,4,1,1,2,1,4
2591,2591,4,1,1,2,2,0
2592,2592,4,1,1,2,2,1
2593,2593,4,1,1,2,2,2
2594,2594,4,1,1,2,2,3
2595,2595,4,1,1,2,3,0
2596,2596,4,1,1,2,3,1
2597,2597,4,1,1,2,3,2
2598,2598,4,1,1,2,4,0
2599,2599,4,1,1,2,5,0
2600,2600,4,1,1,3,0,2
2601,2601,4,1,1,3,0,3
2602,2602,4,1,1,3,0,4
2603,2603,4,1,1,3,0,5
2604,2604,4,1,1,3,1,1
2605,2605,4,1,1,3,1,2
2606,2606,4,1,1,3,1,4
2607,2607,4,1,1,3,2,0
2608,2608,4,1,1,3,2,1
2609,2609,4,1,1,3,2,2
2610,2610,4,1,1,3,2,3
2611,2611,4,1,1,3,3,0
2612,2612,4,1,1,3,3,1
2613,2613,4,1,1,3,3,2
2614,2614,4,1,1,3,4,0
2615,2615,4,1,1,3,5,0
2616,2616,4,1,1,4,0,2
2617,2617,4,1,1,4,0,3
2618,2618,4,1,1,4,0,4
2619,2619,4,1,1,4,0,5
2620,2620,4,1,1,4,1,1
2621,2621,4,1,1,4,1,2
2622,2622,4,1,1,4,1,3
2623,2623,4,1,1,4,2,0
2624,2624,4,1,1,4,2,1
2625,2625,4,1,1,4,2,2
2626,2626,4,1,1,4,2,3
2627,2627,4,1,1,4,3,0
2628,2628,4,1,1,4,3,1
2629,2629,4,1,1,4,3,2
2630,2630,4,1,1,4,4,0
2631,2631,4,1,1,4,5,0
2632,2632,4,1,2,0,0,2
2633,2633,4,1,2,0,0,3
2634,2634,4,1,2,0,0,4
2635,2635,4,1,2,0,0,5
2636,2636,4,1,2,0,1,1
2637,2637,4,1,2,0,1,2
2638,2638,4,1,2,0,1,3
2639,2639,4,1,2,0,1,4
2640,2640,4,1,2,0,2,1
2641,2641,4,1,2,0,2,2
2642,2642,4,1,2,0,2,3
2643,2643,4,1,2,0,3,0
2644,2644,4,1,2,0,3,1
2645,2645,4,1,2,0,3,2
2646,2646,4,1,2,0,4,0
2647,2647,4,1,2,0,5,0
2648,2648,4,1,2,1,0,2
2649,2649,4,1,2,1,0,3
2650,2650,4,1,2,1,0,4
2651,2651,4,1,2,1,0,5
2652,2652,4,1,2,1,1,2
2653,2653,4,1,2,1,1,3
2654,2654,4,1,2,1,1,4
2655,2655,4,1,2,1,2,0
2656,2656,4,1,2,1,2,2
2657,2657,4,1,2,1,2,3
2658,2658,4,1,2,1,3,0
2659,2659,4,1,2,1,3,2
2660,2660,4,1,2,1,4,0
2661,2661,4,1,2,1,5,0
2662,2662,4,1,2,2,0,2
2663,2663,4,1,2,2,0,3
2664,2664,4,1,2,2,0,4
2665,2665,4,1,2,2,0,5
2666,2666,4,1,2,2,1,1
2667,2667,4,1,2,2,1,2
2668,2668,4,1,2,2,1,3
2669,2669,4,1,2,2,1,4
2670,2670,4,1,2,2,2,0
2671,2671,4,1,2,2,2,1
2672,2672,4,1,2,2,2,3
2673,2673,4,1,2,2,3,0
2674,2674,4,1,2,2,3,1
2675,2675,4,1,2,2,3,2
2676,2676,4,1,2,2,4,0
2677,2677,4,1,2,2,5,0
2678,2678,4,1,2,3,0,2
2679,2679,4,1,2,3,0,3
2680,2680,4,1,2,3,0,4
2681,2681,4,1,2,3,0,5
2682,2682,4,1,2,3,1,1
2683,2683,4,1,2,3,1,2
2684,2684,4,1,2,3,1,3
2685,2685,4,1,2,3,1,4
2686,2686,4,1,2,3,2,0
2687,2687,4,1,2,3,2,1
2688,2688,4,1,2,3,2,2
2689,2689,4,1,2,3,3,0
2690,2690,4,1,2,3,3,1
2691,2691,4,1,2,3,3,2
2692,2692,4,1,2,3,4,0
2693,2693,4,1,2,3,5,0
2694,2694,4,1,3,0,0,2
2695,2695,4,1,3,0,0,3
2696,2696,4,1,3,0,0,4
2697,2697,4,1,3,0,0,5
2698,2698,4,1,3,0,1,1
2699,2699,4,1,3,0,1,2
2700,2700,4,1,3,0,1,3
2701,2701,4,1,3,0,1,4
2702,2702,4,1,3,0,2,0
2703,2703,4,1,3,0,2,1
2704,2704,4,1,3,0,2,2
2705,2705,4,1,3,0,2,3
2706,2706,4,1,3,0,3,1
2707,2707,4,1,3,0,3,2
2708,2708,4,1,3,0,4,0
2709,2709,4,1,3,0,5,0
2710,2710,4,1,3,1,0,2
2711,2711,4,1,3,1,0,3
2712,2712,4,1,3,1,0,4
2713,2713,4,1,3,1,0,5
2714,2714,4,1,3,1,1,2
2715,2715,4,1,3,1,1,3
2716,2716,4,1,3,1,1,4
2717,2717,4,1,3,1,2,0
2718,2718,4,1,3,1,2,2
2719,2719,4,1,3,1,2,3
2720,2720,4,1,3,1,3,0
2721,2721,4,1,3,1,3,2
2722,2722,4,1,3,1,4,0
2723,2723,4,1,3,1,5,0
2724,2724,4,1,3,2,0,2
2725,2725,4,1,3,2,0,3
2726,2726,4,1,3,2,0,4
2727,2727,4,1,3,2,0,5
2728,2728,4,1,3,2,1,1
2729,2729,4,1,3,2,1,2
2730,2730,4,1,3,2,1,3
2731,2731,4,1,3,2,1,4
2732,2732,4,1,3,2,2,0
2733,2733,4,1,3,2,2,1
2734,2734,4,1,3,2,2,2
2735,2735,4,1,3,2,2,3
2736,2736,4,1,3,2,3,0
2737,2737,4,1,3,2,3,1
2738,2738,4,1,3,2,4,0
2739,2739,4,1,3,2,5,0
2740,2740,4,1,4,0,0,2
2741,2741,4,1,4,0,0,3
2742,2742,4,1,4,0,0,4
2743,2743,4,1,4,0,0,5
2744,2744,4,1,4,0,1,1
2745,2745,4,1,4,0,1,2
2746,2746,4,1,4,0,1,3
2747,2747,4,1,4,0,1,4
2748,2748,4,1,4,0,2,0
2749,2749,4,1,4,0,2,1
2750,2750,4,1,4,0,2,2
2751,2751,4,1,4,0,2,3
2752,2752,4,1,4,0,3,0
2753,2753,4,1,4,0,3,1
2754,2754,4,1,4,0,3,2
2755,2755,4,1,4,0,5,0
2756,2756,4,1,5,0,0,2
2757,2757,4,1,5,0,0,3
2758,2758,4,1,5,0,0,4
2759,2759,4,1,5,0,0,5
2760,2760,4,1,5,0,1,1
2761,2761,4,1,5,0,1,2
2762,2762,4,1,5,0,1,3
2763,2763,4,1,5,0,1,4
2764,2764,4,1,5,0,2,0
2765,2765,4,1,5,0,2,1
2766,2766,4,1,5,0,2,2
2767,2767,4,1,5,0,2,3
2768,2768,4,1,5,0,3,0
2769,2769,4,1,5,0,3,1
2770,2770,4,1,5,0,3,2
2771,2771,4,1,5,0,4,0
2772,2772,5,0,0,2,0,3
2773,2773,5,0,0,2,0,4
2774,2774,5,0,0,2,0,5
2775,2775,5,0,0,2,1,1
2776,2776,5,0,0,2,1,2
2777,2777,5,0,0,2,1,3
2778,2778,5,0,0,2,1,4
2779,2779,5,0,0,2,2,0
2780,2780,5,0,0,2,2,1
2781,2781,5,0,0,2,2,2
2782,2782,5,0,0,2,2,3
2783,2783,5,0,0,2,3,0
2784,2784,5,0,0,2,3,1
2785,2785,5,0,0,2,3,2
2786,2786,5,0,0,2,4,0
2787,2787,5,0,0,2,4,1
2788,2788,5,0,0,3,0,2
2789,2789,5,0,0,3,0,4
2790,2790,5,0,0,3,0,5
2791,2791,5,0,0,3,1,1
2792,2792,5,0,0,3,1,2
2793,2793,5,0,0,3,1,3
2794,2794,5,0,0,3,1,4
2795,2795,5,0,0,3,2,0
2796,2796,5,0,0,3,2,1
2797,2797,5,0,0,3,2,2
2798,2798,5,0,0,3,2,3
2799,2799,5,0,0,3,3,0
2800,2800,5,0,0,3,3,1
2801,2801,5,0,0,3,3,2
2802,2802,5,0,0,3,4,0
2803,2803,5,0,0,3,4,1
2804,2804,5,0,0,4,0,2
2805,2805,5,0,0,4,0,3
2806,2806,5,0,0,4,0,5
2807,2807,5,0,0,4,1,1
2808,2808,5,0,0,4,1,2
2809,2809,5,0,0,4,1,3
2810,2810,5,0,0,4,1,4
2811,2811,5,0,0,4,2,0
2812,2812,5,0,0,4,2,1
2813,2813,5,0,0,4,2,2
2814,2814,5,0,0,4,2,3
2815,2815,5,0,0,4,3,0
2816,2816,5,0,0,4,3,1
2817,2817,5,0,0,4,3,2
2818,2818,5,0,0,4,4,0
2819,2819,5,0,0,4,4,1
2820,2820,5,0,0,5,0,2
2821,2821,5,0,0,5,0,3
2822,2822,5,0,0,5,0,4
2823,2823,5,0,0,5,1,1
2824,2824,5,0,0,5,1,2
2825,2825,5,0,0,5,1,3
2826,2826,5,0,0,5,1,4
2827,2827,5,0,0,5,2,0
2828,2828,5,0,0,5,2,1
2829,2829,5,0,0,5,2,2
2830,2830,5,0,0,5,2,3
2831,2831,5,0,0,5,3,0
2832,2832,5,0,0,5,3,1
2833,2833,5,0,0,5,3,2
2834,2834,5,0,0,5,4,0
2835,2835,5,0,0,5,4,1
2836,2836,5,0,1,1,0,2
2837,2837,5,0,1,1,0,3
2838,2838,5,0,1,1,0,4
2839,2839,5,0,1,1,0,5
2840,2840,5,0,1,1,1,2
2841,2841,5,0,1,1,1,3
2842,2842,5,0,1,1,1,4
2843,2843,5,0,1,1,2,0
2844,2844,5,0,1,1,2,1
2845,2845,5,0,1,1,2,2
2846,2846,5,0,1,1,2,3
2847,2847,5,0,1,1,3,0
2848,2848,5,0,1,1,3,1
2849,2849,5,0,1,1,3,2
2850,2850,5,0,1,1,4,0
2851,2851,5,0,1,1,4,1
2852,2852,5,0,1,2,0,2
2853,2853,5,0,1,2,0,3
2854,2854,5,0,1,2,0,4
2855,2855,5,0,1,2,0,5
2856,2856,5,0,1,2,1,1
2857,2857,5,0,1,2,1,3
2858,2858,5,0,1,2,1,4
2859,2859,5,0,1,2,2,0
2860,2860,5,0,1,2,2,1
2861,2861,5,0,1,2,2,2
2862,2862,5,0,1,2,2,3
2863,2863,5,0,1,2,3,0
2864,2864,5,0,1,2,3,1
2865,2865,5,0,1,2,3,2
2866,2866,5,0,1,2,4,0
2867,2867,5,0,1,2,4,1
2868,2868,5,0,1,3,0,2
2869,2869,5,0,1,3,0,3
2870,2870,5,0,1,3,0,4
2871,2871,5,0,1,3,0,5
2872,2872,5,0,1,3,1,1
2873,2873,5,0,1,3,1,2
2874,2874,5,0,1,3,1,4
2875,2875,5,0,1,3,2,0
2876,2876,5,0,1,3,2,1
2877,2877,5,0,1,3,2,2
2878,2878,5,0,1,3,2,3
2879,2879,5,0,1,3,3,0
2880,2880,5,0,1,3,3,1
2881,2881,5,0,1,3,3,2
2882,2882,5,0,1,3,4,0
2883,2883,5,0,1,3,4,1
2884,2884,5,0,1,4,0,2
2885,2885,5,0,1,4,0,3
2886,2886,5,0,1,4,0,4
2887,2887,5,0,1,4,0,5
2888,2888,5,0,1,4,1,1
2889,2889,5,0,1,4,1,2
2890,2890,5,0,1,4,1,3
2891,2891,5,0,1,4,2,0
2892,2892,5,0,1,4,2,1
2893,2893,5,0,1,4,2,2
2894,2894,5,0,1,4,2,3
2895,2895,5,0,1,4,3,0
2896,2896,5,0,1,4,3,1
2897,2897,5,0,1,4,3,2
2898,2898,5,0,1,4,4,0
2899,2899,5,0,1,4,4,1
2900,2900,5,0,2,0,0,2
2901,2901,5,0,2,0,0,3
2902,2902,5,0,2,0,0,4
2903,2903,5,0,2,0,0,5
2904,2904,5,0,2,0,1,1
2905,2905,5,0,2,0,1,2
2906,2906,5,0,2,0,1,3
2907,2907,5,0,2,0,1,4
2908,2908,5,0,2,0,2,1
2909,2909,5,0,2,0,2,2
2910,2910,5,0,2,0,2,3
2911,2911,5,0,2,0,3,1
2912,2912,5,0,2,0,3,2
2913,2913,5,0,2,0,4,1
2914,2914,5,0,2,1,0,2
2915,2915,5,0,2,1,0,3
2916,2916,5,0,2,1,0,4
2917,2917,5,0,2,1,0,5
2918,2918,5,0,2,1,1,1
2919,2919,5,0,2,1,1,2
2920,2920,5,0,2,1,1,3
2921,2921,5,0,2,1,1,4
2922,2922,5,0,2,1,2,0
2923,2923,5,0,2,1,2,2
2924,2924,5,0,2,1,2,3
2925,2925,5,0,2,1,3,0
2926,2926,5,0,2,1,3,1
2927,2927,5,0,2,1,3,2
2928,2928,5,0,2,1,4,0
2929,2929,5,0,2,1,4,1
2930,2930,5,0,2,2,0,2
2931,2931,5,0,2,2,0,3
2932,2932,5,0,2,2,0,4
2933,2933,5,0,2,2,0,5
2934,2934,5,0,2,2,1,1
2935,2935,5,0,2,2,1,2
2936,2936,5,0,2,2,1,3
2937,2937,5,0,2,2,1,4
2938,2938,5,0,2,2,2,0
2939,2939,5,0,2,2,2,1
2940,2940,5,0,2,2,2,3
2941,2941,5,0,2,2,3,0
2942,2942,5,0,2,2,3,1
2943,2943,5,0,2,2,3,2
2944,2944,5,0,2,2,4,0
2945,2945,5,0,2,2,4,1
2946,2946,5,0,2,3,0,2
2947,2947,5,0,2,3,0,3
2948,2948,5,0,2,3,0,4
2949,2949,5,0,2,3,0,5
2950,2950,5,0,2,3,1,1
2951,2951,5,0,2,3,1,2
2952,2952,5,0,2,3,1,3
2953,2953,5,0,2,3,1,4
2954,2954,5,0,2,3,2,0
2955,2955,5,0,2,3,2,1
2956,2956,5,0,2,3,2,2
2957,2957,5,0,2,3,3,0
2958,2958,5,0,2,3,3,1
2959,2959,5,0,2,3,3,2
2960,2960,5,0,2,3,4,0
2961,2961,5,0,2,3,4,1
2962,2962,5,0,3,0,0,2
2963,2963,5,0,3,0,0,3
2964,2964,5,0,3,0,0,4
2965,2965,5,0,3,0,0,5
2966,2966,5,0,3,0,1,1
2967,2967,5,0,3,0,1,2
2968,2968,5,0,3,0,1,3
2969,2969,5,0,3,0,1,4
2970,2970,5,0,3,0,2,1
2971,2971,5,0,3,0,2,2
2972,2972,5,0,3,0,2,3
2973,2973,5,0,3,0,3,1
2974,2974,5,0,3,0,3,2
2975,2975,5,0,3,0,4,1
2976,2976,5,0,3,1,0,2
2977,2977,5,0,3,1,0,3
2978,2978,5,0,3,1,0,4
2979,2979,5,0,3,1,0,5
2980,2980,5,0,3,1,1,1
2981,2981,5,0,3,1,1,2
2982,2982,5,0,3,1,1,3
2983,2983,5,0,3,1,1,4
2984,2984,5,0,3,1,2,0
2985,2985,5,0,3,1,2,1
2986,2986,5,0,3,1,2,2
2987,2987,5,0,3,1,2,3
2988,2988,5,0,3,1,3,0
2989,2989,5,0,3,1,3,2
2990,2990,5,0,3,1,4,0
2991,2991,5,0,3,1,4,1
2992,2992,5,0,3,2,0,2
2993,2993,5,0,3,2,0,3
2994,2994,5,0,3,2,0,4
2995,2995,5,0,3,2,0,5
2996,2996,5,0,3,2,1,1
2997,2997,5,0,3,2,1,2
2998,2998,5,0,3,2,1,3
2999,2999,5,0,3,2,1,4
3000,3000,5,0,3,2,2,0
3001,3001,5,0,3,2,2,1
3002,3002,5,0,3,2,2,2
3003,3003,5,0,3,2,2,3
3004,3004,5,0,3,2,3,0
3005,3005,5,0,3,2,3,1
3006,3006,5,0,3,2,4,0
3007,3007,5,0,3,2,4,1
3008,3008,5,0,4,0,0,2
3009,3009,5,0,4,0,0,3
3010,3010,5,0,4,0,0,4
3011,3011,5,0,4,0,0,5
3012,3012,5,0,4,0,1,1
3013,3013,5,0,4,0,1,2
3014,3014,5,0,4,0,1,3
3015,3015,5,0,4,0,1,4
3016,3016,5,0,4,0,2,1
3017,3017,5,0,4,0,2,2
3018,3018,5,0,4,0,2,3
3019,3019,5,0,4,0,3,1
3020,3020,5,0,4,0,3,2
3021,3021,5,0,4,0,4,1
3022,3022,5,0,4,1,0,2
3023,3023,5,0,4,1,0,3
3024,3024,5,0,4,1,0,4
3025,3025,5,0,4,1,0,5
3026,3026,5,0,4,1,1,1
3027,3027,5,0,4,1,1,2
3028,3028,5,0,4,1,1,3
3029,3029,5,0,4,1,1,4
3030,3030,5,0,4,1,2,0
3031,3031,5,0,4,1,2,1
3032,3032,5,0,4,1,2,2
3033,3033,5,0,4,1,2,3
3034,3034,5,0,4,1,3,0
3035,3035,5,0,4,1,3,1
3036,3036,5,0,4,1,3,2
3037,3037,5,0,4,1,4,0
