154,5,2,5,0,2,1,SI,SI,SI
113,2,3,2,5,3,2,SI,SI,SI
93,1,6,1,3,4,3,SI,SI,SI
0,0,2,0,3,4,3,SI,SI,SI
64,1,3,1,1,4,3,SI,SI,SI
53,1,1,1,5,4,3,SI,SI,SI
143,3,4,3,1,4,3,SI,SI,SI
99,1,6,1,5,4,3,SI,SI,SI
96,1,6,1,4,4,3,SI,SI,SI
24,0,5,0,6,4,3,SI,SI,SI
39,0,7,0,3,3,2,SI,SI,SI
28,0,6,0,2,4,3,SI,SI,SI
11,0,3,0,7,2,1,SI,SI,SI
106,2,2,2,3,4,3,SI,SI,SI
117,2,4,2,3,4,3,SI,SI,SI
112,2,3,2,4,4,3,SI,SI,SI
34,0,6,0,7,4,3,SI,SI,SI
61,1,2,1,6,2,1,SI,SI,SI
153,5,1,5,2,4,3,SI,SI,SI
115,2,4,2,0,4,3,SI,SI,SI
12,0,3,0,7,3,2,SI,SI,SI
157,5,2,5,1,2,1,SI,SI,SI
42,0,7,0,4,3,2,SI,SI,SI
26,0,5,0,7,3,2,SI,SI,SI
14,0,4,0,2,4,3,SI,SI,SI
6,0,2,0,7,4,3,SI,SI,SI
137,3,3,3,1,4,3,SI,SI,SI
58,1,2,1,3,4,3,SI,SI,SI
45,0,7,0,5,3,2,SI,SI,SI
131,3,0,3,4,4,3,SI,SI,SI
141,3,4,3,0,4,3,SI,SI,SI
114,2,3,2,5,4,3,SI,SI,SI
100,2,0,2,2,4,3,SI,SI,SI
145,3,4,3,3,4,3,SI,SI,SI
75,1,4,1,6,2,1,SI,SI,SI
3,0,2,0,6,4,3,SI,SI,SI
44,0,7,0,5,2,1,SI,SI,SI
140,3,4,3,0,2,1,SI,SI,SI
8,0,3,0,4,4,3,SI,SI,SI
60,1,2,1,5,4,3,SI,SI,SI
33,0,6,0,7,3,2,SI,SI,SI
116,2,4,2,2,4,3,SI,SI,SI
102,2,0,2,4,4,3,SI,SI,SI
71,1,4,1,1,4,3,SI,SI,SI
57,1,2,1,1,4,3,SI,SI,SI
18,0,4,0,7,2,1,SI,SI,SI
78,1,5,1,1,4,3,SI,SI,SI
103,2,0,2,5,3,2,SI,SI,SI
30,0,6,0,4,4,3,SI,SI,SI
146,5,0,5,1,4,3,SI,SI,SI
151,5,1,5,2,2,1,SI,SI,SI
43,0,7,0,4,4,3,SI,SI,SI
77,1,4,1,6,4,3,SI,SI,SI
104,2,0,2,5,4,3,SI,SI,SI
29,0,6,0,3,4,3,SI,SI,SI
144,3,4,3,3,2,1,SI,SI,SI
70,1,3,1,6,4,3,SI,SI,SI
91,1,6,1,3,2,1,SI,SI,SI
88,1,6,1,2,2,1,SI,SI,SI
7,0,3,0,2,4,3,SI,SI,SI
46,0,7,0,5,4,3,SI,SI,SI
1,0,2,0,4,4,3,SI,SI,SI
121,2,5,2,0,4,3,SI,SI,SI
87,1,6,1,1,4,3,SI,SI,SI
165,6,1,6,0,4,3,SI,SI,SI
56,1,1,1,6,4,3,SI,SI,SI
84,1,5,1,6,4,3,SI,SI,SI
52,1,1,1,4,4,3,SI,SI,SI
152,5,1,5,2,3,2,SI,SI,SI
107,2,2,2,4,4,3,SI,SI,SI
161,6,0,6,1,3,2,SI,SI,SI
16,0,4,0,5,4,3,SI,SI,SI
74,1,4,1,5,4,3,SI,SI,SI
79,1,5,1,2,4,3,SI,SI,SI
139,3,3,3,4,4,3,SI,SI,SI
31,0,6,0,5,4,3,SI,SI,SI
132,3,1,3,0,4,3,SI,SI,SI
80,1,5,1,3,4,3,SI,SI,SI
20,0,4,0,7,4,3,SI,SI,SI
142,3,4,3,1,2,1,SI,SI,SI
119,2,4,2,5,4,3,SI,SI,SI
85,1,6,1,1,2,1,SI,SI,SI
22,0,5,0,3,4,3,SI,SI,SI
51,1,1,1,3,4,3,SI,SI,SI
125,2,5,2,3,4,3,SI,SI,SI
95,1,6,1,4,3,2,SI,SI,SI
69,1,3,1,6,3,2,SI,SI,SI
150,5,1,5,0,4,3,SI,SI,SI
89,1,6,1,2,3,2,SI,SI,SI
63,1,2,1,6,4,3,SI,SI,SI
98,1,6,1,5,3,2,SI,SI,SI
32,0,6,0,7,2,1,SI,SI,SI
49,0,7,0,6,4,3,SI,SI,SI
82,1,5,1,6,2,1,SI,SI,SI
86,1,6,1,1,3,2,SI,SI,SI
37,0,7,0,2,4,3,SI,SI,SI
10,0,3,0,6,4,3,SI,SI,SI
162,6,0,6,1,4,3,SI,SI,SI
110,2,3,2,0,4,3,SI,SI,SI
41,0,7,0,4,2,1,SI,SI,SI
21,0,5,0,2,4,3,SI,SI,SI
90,1,6,1,2,4,3,SI,SI,SI
118,2,4,2,5,3,2,SI,SI,SI
108,2,2,2,5,3,2,SI,SI,SI
109,2,2,2,5,4,3,SI,SI,SI
13,0,3,0,7,4,3,SI,SI,SI
38,0,7,0,3,2,1,SI,SI,SI
48,0,7,0,6,3,2,SI,SI,SI
101,2,0,2,3,4,3,SI,SI,SI
2,0,2,0,5,4,3,SI,SI,SI
149,5,0,5,2,4,3,SI,SI,SI
147,5,0,5,2,2,1,SI,SI,SI
50,1,1,1,2,4,3,SI,SI,SI
65,1,3,1,2,4,3,SI,SI,SI
122,2,5,2,2,3,2,SI,SI,SI
5,0,2,0,7,3,2,SI,SI,SI
136,3,3,3,0,4,3,SI,SI,SI
163,6,1,6,0,2,1,SI,SI,SI
158,5,2,5,1,3,2,SI,SI,SI
97,1,6,1,5,2,1,SI,SI,SI
159,5,2,5,1,4,3,SI,SI,SI
27,0,5,0,7,4,3,SI,SI,SI
92,1,6,1,3,3,2,SI,SI,SI
138,3,3,3,4,2,1,SI,SI,SI
81,1,5,1,4,4,3,SI,SI,SI
35,0,7,0,2,2,1,SI,SI,SI
134,3,1,3,4,2,1,SI,SI,SI
129,3,0,3,3,4,3,SI,SI,SI
72,1,4,1,2,4,3,SI,SI,SI
135,3,1,3,4,4,3,SI,SI,SI
67,1,3,1,5,4,3,SI,SI,SI
4,0,2,0,7,2,1,SI,SI,SI
15,0,4,0,3,4,3,SI,SI,SI
160,6,0,6,1,2,1,SI,SI,SI
68,1,3,1,6,2,1,SI,SI,SI
59,1,2,1,4,4,3,SI,SI,SI
126,2,5,2,4,3,2,SI,SI,SI
111,2,3,2,2,4,3,SI,SI,SI
94,1,6,1,4,2,1,SI,SI,SI
17,0,4,0,6,4,3,SI,SI,SI
36,0,7,0,2,3,2,SI,SI,SI
156,5,2,5,0,4,3,SI,SI,SI
19,0,4,0,7,3,2,SI,SI,SI
23,0,5,0,4,4,3,SI,SI,SI
133,3,1,3,3,4,3,SI,SI,SI
47,0,7,0,6,2,1,SI,SI,SI
73,1,4,1,3,4,3,SI,SI,SI
66,1,3,1,4,4,3,SI,SI,SI
124,2,5,2,3,3,2,SI,SI,SI
120,2,5,2,0,3,2,SI,SI,SI
40,0,7,0,3,4,3,SI,SI,SI
62,1,2,1,6,3,2,SI,SI,SI
148,5,0,5,2,3,2,SI,SI,SI
155,5,2,5,0,3,2,SI,SI,SI
128,3,0,3,1,4,3,SI,SI,SI
9,0,3,0,5,4,3,SI,SI,SI
76,1,4,1,6,3,2,SI,SI,SI
25,0,5,0,7,2,1,SI,SI,SI
130,3,0,3,4,2,1,SI,SI,SI
105,2,2,2,0,4,3,SI,SI,SI
83,1,5,1,6,3,2,SI,SI,SI
123,2,5,2,2,4,3,SI,SI,SI
127,2,5,2,4,4,3,SI,SI,SI
164,6,1,6,0,3,2,SI,SI,SI
54,1,1,1,6,2,1,SI,SI,SI
55,1,1,1,6,3,2,SI,SI,SI
