1674,1,4,2,1,1,2,Center
2138,2,3,3,2,2,0,Center
258,0,3,3,2,0,5,Center
1675,1,4,2,1,1,3,Center
1406,1,4,3,2,1,3,Center
2639,2,0,3,2,2,2,Center
1106,1,3,2,1,1,4,Center
1325,1,4,2,1,1,2,Center
1148,1,3,3,2,1,1,Center
1150,1,3,3,2,1,4,Center
2604,1,3,3,2,1,4,Center
841,1,1,3,2,1,3,Center
2849,4,0,2,1,4,1,Center
2603,1,3,3,2,1,2,Center
2898,4,0,3,2,4,1,Center
2670,2,2,3,2,2,3,Center
2554,0,5,3,2,0,4,Center
995,1,2,3,2,1,4,Center
2538,0,4,3,2,0,5,Center
2640,2,0,3,2,2,3,Center
102,0,2,3,2,0,3,Center
1693,2,2,2,1,2,3,Center
2522,0,3,3,2,0,5,Center
256,0,3,3,2,0,2,Center
671,0,5,3,2,0,3,Center
1687,2,0,2,1,2,3,Center
103,0,2,3,2,0,4,Center
2536,0,4,3,2,0,2,Center
2589,1,2,3,2,1,4,Center
2537,0,4,3,2,0,3,Center
104,0,2,3,2,0,5,Center
592,0,5,2,1,0,4,Center
1673,1,4,2,1,1,1,Center
1886,2,2,3,2,2,3,Center
1706,2,3,2,1,2,2,Center
2738,4,0,3,2,4,1,Center
1638,0,5,2,1,0,4,Center
2140,2,3,3,2,2,2,Center
1637,0,5,2,1,0,3,Center
1576,2,0,3,2,2,2,Center
993,1,2,3,2,1,1,Center
414,0,4,3,2,0,2,Center
2520,0,3,3,2,0,2,Center
2619,1,4,3,2,1,2,Center
2704,3,0,3,2,3,1,Center
591,0,5,2,1,0,3,Center
2587,1,2,3,2,1,1,Center
670,0,5,3,2,0,2,Center
2553,0,5,3,2,0,3,Center
2686,2,3,3,2,2,2,Center
2507,0,2,3,2,0,4,Center
1664,1,3,2,1,1,4,Center
2684,2,3,3,2,2,0,Center
2506,0,2,3,2,0,3,Center
257,0,3,3,2,0,4,Center
63,0,2,2,1,0,5,Center
799,1,1,2,1,1,4,Center
1618,0,2,2,1,0,5,Center
1404,1,4,3,2,1,1,Center
1624,0,3,2,1,0,5,Center
2521,0,3,3,2,0,4,Center
1630,0,4,2,1,0,5,Center
842,1,1,3,2,1,4,Center
3084,4,1,2,1,4,0,Center
672,0,5,3,2,0,4,Center
2574,1,1,3,2,1,4,Center
2720,3,1,3,2,3,0,Center
994,1,2,3,2,1,3,Center
1744,4,0,2,1,4,1,Center
2572,1,1,3,2,1,2,Center
2508,0,2,3,2,0,5,Center
416,0,4,3,2,0,5,Center
2602,1,3,3,2,1,1,Center
3162,4,1,3,2,4,0,Center
1324,1,4,2,1,1,1,Center
1884,2,2,3,2,2,0,Center
2552,0,5,3,2,0,2,Center
952,1,2,2,1,1,4,Center
1326,1,4,2,1,1,3,Center
1636,0,5,2,1,0,2,Center
1658,1,2,2,1,1,4,Center
415,0,4,3,2,0,3,Center
2573,1,1,3,2,1,3,Center
840,1,1,3,2,1,2,Center
2620,1,4,3,2,1,3,Center
1705,2,3,2,1,2,0,Center
2668,2,2,3,2,2,0,Center
2588,1,2,3,2,1,3,Center
1758,4,1,2,1,4,0,Center
374,0,4,2,1,0,5,Center
217,0,3,2,1,0,5,Center
2754,4,1,3,2,4,0,Center
1405,1,4,3,2,1,2,Center
1577,2,0,3,2,2,3,Center
1149,1,3,3,2,1,2,Center
1653,1,1,2,1,1,4,Center
2618,1,4,3,2,1,1,Center
590,0,5,2,1,0,2,Center
373,0,4,2,0,5,0,22
335,0,4,1,1,1,4,22
369,0,4,2,0,1,4,22
656,0,5,3,1,0,4,19
311,0,4,0,2,2,3,19
368,0,4,2,0,0,5,19
313,0,4,0,2,4,1,19
608,0,5,2,2,0,4,19
339,0,4,1,1,5,0,19
502,0,5,0,4,2,2,19
505,0,5,0,4,3,1,19
2841,4,0,2,0,1,4,19
334,0,4,1,1,0,5,19
3453,5,0,4,1,1,4,18
1447,1,4,4,1,5,0,18
1261,1,4,0,5,5,0,18
3250,5,0,0,5,1,4,18
408,0,4,3,1,0,5,17
380,0,4,2,2,0,5,17
1631,0,4,2,1,1,4,16
3448,5,0,4,1,0,4,16
1241,1,4,0,4,3,1,16
3233,5,0,0,4,1,3,16
381,0,4,2,2,1,4,16
409,0,4,3,1,1,4,16
379,0,4,2,1,5,0,16
1413,1,4,3,2,4,0,16
1446,1,4,4,1,4,0,16
1430,1,4,4,0,4,1,16
712,0,5,4,1,2,3,16
1233,1,4,0,4,1,1,16
1682,1,4,2,1,4,0,16
1402,1,4,3,2,0,4,16
499,0,5,0,4,1,4,16
1386,1,4,3,1,0,4,16
1248,1,4,0,5,0,4,16
1322,1,4,2,1,0,4,16
1236,1,4,0,4,2,0,16
3230,5,0,0,4,0,5,16
1333,1,4,2,1,4,0,16
1991,2,3,0,5,4,1,16
3356,5,0,2,2,0,4,16
435,0,4,4,0,5,0,16
1244,1,4,0,4,4,1,16
3340,5,0,2,1,0,4,16
3231,5,0,0,4,1,1,16
1306,1,4,2,0,0,4,16
1434,1,4,4,1,0,4,16
1317,1,4,2,0,4,0,16
2988,4,1,0,5,2,3,16
1238,1,4,0,4,2,2,16
420,0,4,3,2,1,4,16
3294,5,0,1,3,0,4,16
3402,5,0,3,1,0,4,16
576,0,5,2,0,0,4,16
3418,5,0,3,2,0,4,16
351,0,4,1,3,5,0,16
1671,1,4,2,1,0,4,16
500,0,5,0,4,2,0,16
3262,5,0,1,1,0,4,16
2551,0,4,3,2,5,0,16
1428,1,4,4,0,3,1,16
3326,5,0,2,0,0,4,16
3243,5,0,0,4,4,1,16
429,0,4,3,2,5,0,16
2731,4,0,3,2,1,4,16
509,0,5,0,4,5,0,16
1423,1,4,4,0,2,0,16
3237,5,0,0,4,2,2,16
2758,5,0,3,2,0,4,16
1338,1,4,2,2,0,4,16
347,0,4,1,3,1,4,16
512,0,5,1,1,0,4,16
3235,5,0,0,4,2,0,16
1232,1,4,0,4,0,5,16
1635,0,4,2,1,5,0,16
1264,1,4,1,1,0,4,16
413,0,4,3,1,5,0,16
375,0,4,2,1,1,4,16
2616,1,4,3,2,0,4,16
3240,5,0,0,4,3,1,16
1397,1,4,3,1,4,0,16
2627,1,4,3,2,4,0,16
2542,0,4,3,2,1,4,16
496,0,5,0,4,1,1,16
3254,5,0,0,5,2,3,16
3246,5,0,0,5,0,4,16
385,0,4,2,2,5,0,16
636,0,5,2,3,4,1,16
431,0,4,4,0,1,4,16
2846,4,0,2,1,1,4,16
1741,4,0,2,1,1,4,16
2891,4,0,3,2,1,4,16
1762,5,0,2,1,0,4,16
1104,1,3,2,0,5,0,15
1159,1,3,3,2,5,0,15
3301,5,0,1,3,2,2,15
1766,5,0,2,1,1,3,15
434,0,4,4,0,4,1,15
430,0,4,4,0,0,5,15
3422,5,0,3,2,1,3,15
3304,5,0,1,3,3,1,15
1057,1,3,0,4,4,1,15
1143,1,3,3,1,5,0,15
1058,1,3,0,4,5,0,15
346,0,4,1,3,0,5,15
3452,5,0,4,1,1,3,15
3406,5,0,3,1,1,3,15
1074,1,3,0,5,5,0,15
2762,5,0,3,2,1,3,15
3344,5,0,2,1,1,3,15
2613,1,3,3,2,5,0,15
1110,1,3,2,1,5,0,15
350,0,4,1,3,4,1,15
3360,5,0,2,2,1,3,15
1668,1,3,2,1,5,0,15
2628,1,4,3,2,4,1,14
503,0,5,0,4,2,3,14
3171,4,1,4,0,1,4,14
1260,1,4,0,5,4,1,14
362,0,4,1,4,3,0,14
3460,5,0,4,1,3,2,14
1432,1,4,4,1,0,2,14
3430,5,0,3,2,4,0,14
3039,4,1,1,3,5,0,14
2747,4,1,3,2,1,4,14
3385,5,0,2,3,4,1,14
2771,5,0,3,2,4,1,14
3443,5,0,4,0,3,1,14
1435,1,4,4,1,0,5,14
356,0,4,1,4,1,2,14
2755,4,1,3,2,5,0,14
3414,5,0,3,1,4,0,14
1438,1,4,4,1,1,3,14
3445,5,0,4,0,4,1,14
624,0,5,2,3,0,4,14
1398,1,4,3,1,4,1,14
582,0,5,2,0,2,2,14
1366,1,4,2,3,4,1,14
637,0,5,2,3,5,0,14
2899,4,0,3,2,5,0,14
463,0,4,5,0,3,0,14
3163,4,1,3,2,5,0,14
3109,4,1,2,3,1,4,14
1390,1,4,3,1,1,3,14
3415,5,0,3,1,4,1,14
628,0,5,2,3,1,4,14
438,0,4,4,1,0,5,14
2977,4,1,0,4,5,0,14
1414,1,4,3,2,4,1,14
388,0,4,2,3,0,5,14
1463,1,4,5,0,4,1,14
1445,1,4,4,1,3,2,14
2984,4,1,0,5,1,4,14
717,0,5,4,1,5,0,14
1255,1,4,0,5,2,3,14
3459,5,0,4,1,3,1,14
3030,4,1,1,3,1,4,14
708,0,5,4,1,1,4,14
2968,4,1,0,4,1,4,14
508,0,5,0,4,4,1,14
3431,5,0,3,2,4,1,14
1444,1,4,4,1,3,1,14
3461,5,0,4,1,4,0,14
3449,5,0,4,1,0,5,14
3179,4,1,4,0,5,0,14
3155,4,1,3,2,1,4,14
1355,1,4,2,3,0,5,14
1442,1,4,4,1,2,3,14
613,0,5,2,2,2,0,14
3457,5,0,4,1,2,3,14
2921,4,0,5,0,1,2,14
3055,4,1,1,4,5,0,14
3323,5,0,1,4,4,1,14
348,0,4,1,3,2,3,14
2829,4,0,1,4,1,2,14
1299,1,4,1,3,3,1,14
3446,5,0,4,1,0,2,14
2770,5,0,3,2,4,0,14
3117,4,1,2,3,5,0,14
3187,4,1,5,0,1,4,14
2993,4,1,0,5,5,0,14
704,0,5,4,1,0,4,14
2739,4,0,3,2,5,0,14
456,0,4,5,0,1,2,14
3259,5,0,0,5,4,1,14
432,0,4,4,0,2,3,14
1947,2,3,0,3,0,4,13
424,0,4,3,2,2,3,13
631,0,5,2,3,2,2,13
2132,2,3,3,2,0,4,13
2550,0,4,3,2,4,1,13
327,0,4,0,5,2,3,13
3034,4,1,1,3,2,3,13
578,0,5,2,0,1,2,13
3077,4,1,2,1,1,3,13
2160,2,3,4,0,4,1,13
1751,4,1,2,1,1,3,13
1699,2,3,2,1,0,4,13
2026,2,3,1,3,0,4,13
384,0,4,2,2,4,1,13
382,0,4,2,2,2,3,13
2964,4,1,0,4,0,5,13
3139,4,1,3,1,1,3,13
2087,2,3,2,2,0,5,13
467,0,4,5,0,4,1,13
1963,2,3,0,4,0,5,13
332,0,4,0,5,4,1,13
3175,4,1,4,0,2,3,13
513,0,5,1,1,1,2,13
1961,2,3,0,4,0,2,13
1774,5,0,2,1,4,0,13
1962,2,3,0,4,0,3,13
366,0,4,1,4,4,1,13
3092,4,1,2,2,1,3,13
3154,4,1,3,2,1,3,13
1748,4,1,2,1,0,4,13
376,0,4,2,1,2,3,13
2037,2,3,1,3,4,0,13
1967,2,3,0,4,1,4,13
2746,4,1,3,2,1,3,13
3352,5,0,2,1,4,0,13
2850,4,0,2,1,5,0,13
2947,4,1,0,3,0,4,13
2546,0,4,3,2,2,3,13
2038,2,3,1,3,4,1,13
3166,4,1,4,0,0,4,13
3036,4,1,1,3,3,1,13
3182,4,1,5,0,0,4,13
3042,4,1,1,4,0,4,13
641,0,5,3,0,1,1,13
2152,2,3,4,0,1,3,13
1931,2,3,0,2,0,4,13
2148,2,3,4,0,0,4,13
1632,0,4,2,1,2,3,13
361,0,4,1,4,2,3,13
529,0,5,1,2,1,1,13
584,0,5,2,0,3,0,13
2742,4,1,3,2,0,4,13
532,0,5,1,2,2,0,13
2967,4,1,0,4,1,3,13
462,0,4,5,0,2,3,13
2963,4,1,0,4,0,3,13
318,0,4,0,3,4,1,13
1634,0,4,2,1,4,1,13
615,0,5,2,2,2,3,13
2042,2,3,1,4,0,4,13
3074,4,1,2,1,0,4,13
2976,4,1,0,4,4,0,13
3033,4,1,1,3,2,2,13
316,0,4,0,3,2,3,13
378,0,4,2,1,4,1,13
1966,2,3,0,4,1,3,13
2072,2,3,2,1,0,4,13
2962,4,1,0,4,0,2,13
428,0,4,3,2,4,1,13
3026,4,1,1,3,0,4,13
2931,4,1,0,2,0,4,13
2180,2,3,5,0,0,4,13
2678,2,3,3,2,0,4,13
410,0,4,3,1,2,3,13
1976,2,3,0,4,5,0,13
1745,4,0,2,1,5,0,13
3150,4,1,3,2,0,4,13
645,0,5,3,0,2,0,13
412,0,4,3,1,4,1,13
1974,2,3,0,4,4,0,13
2461,3,1,3,2,1,3,12
442,0,4,4,1,1,4,12
1412,1,4,3,2,3,1,12
2381,3,1,0,5,4,0,12
1209,1,4,0,2,3,1,12
2549,0,4,3,2,4,0,12
2913,4,0,4,1,3,1,12
3242,5,0,0,4,4,0,12
1379,1,4,3,0,3,1,12
2600,1,3,3,2,0,4,12
1100,1,3,2,0,1,4,12
1158,1,3,3,2,4,1,12
2207,3,0,0,4,1,4,12
2395,3,1,1,3,0,5,12
3282,5,0,1,2,1,4,12
688,0,5,4,0,0,4,12
1427,1,4,4,0,3,0,12
2296,3,0,3,1,1,4,12
1381,1,4,3,0,4,0,12
1425,1,4,4,0,2,2,12
331,0,4,0,5,4,0,12
3368,5,0,2,2,4,0,12
2496,3,1,5,0,1,3,12
2784,4,0,0,4,0,5,12
1453,1,4,5,0,1,2,12
1393,1,4,3,1,2,2,12
1087,1,3,1,4,0,4,12
2626,1,4,3,2,3,1,12
2714,3,1,3,2,1,3,12
1054,1,3,0,4,1,4,12
357,0,4,1,4,1,3,12
451,0,4,4,1,5,0,12
2396,3,1,1,3,1,4,12
3208,5,0,0,2,3,1,12
2786,4,0,0,4,2,3,12
2886,4,0,3,2,0,4,12
1349,1,4,2,2,4,0,12
2883,4,0,3,1,5,0,12
427,0,4,3,2,4,0,12
2880,4,0,3,1,2,3,12
1235,1,4,0,4,1,3,12
1347,1,4,2,2,3,1,12
1156,1,3,3,2,3,1,12
2788,4,0,0,4,4,1,12
2802,4,0,0,5,3,1,12
1983,2,3,0,5,1,4,12
1240,1,4,0,4,3,0,12
498,0,5,0,4,1,3,12
1287,1,4,1,2,4,0,12
3373,5,0,2,3,0,5,12
1292,1,4,1,3,0,4,12
2610,1,3,3,2,3,1,12
1206,1,4,0,2,2,2,12
1213,1,4,0,2,5,0,12
1140,1,3,3,1,2,3,12
2397,3,1,1,3,2,3,12
567,0,5,1,4,2,3,12
3403,5,0,3,1,0,5,12
1257,1,4,0,5,3,1,12
2414,3,1,1,4,4,0,12
2398,3,1,1,3,3,2,12
1101,1,3,2,0,2,3,12
457,0,4,5,0,1,3,12
1103,1,3,2,0,4,1,12
3313,5,0,1,4,1,2,12
2792,4,0,0,5,0,4,12
2400,3,1,1,3,5,0,12
1667,1,3,2,1,4,1,12
2842,4,0,2,0,2,3,12
1331,1,4,2,1,3,1,12
1184,1,3,5,0,0,4,12
3366,5,0,2,2,3,1,12
2918,4,0,5,0,0,4,12
1194,1,3,5,0,3,1,12
2785,4,0,0,4,1,4,12
3256,5,0,0,5,3,1,12
2472,3,1,4,0,2,3,12
3400,5,0,3,1,0,2,12
2473,3,1,4,0,3,2,12
3397,5,0,3,0,3,1,12
2881,4,0,3,1,3,2,12
2737,4,0,3,2,3,1,12
419,0,4,3,2,1,3,12
3429,5,0,3,2,3,1,12
2882,4,0,3,1,4,1,12
2475,3,1,4,0,5,0,12
1139,1,3,3,1,1,4,12
1127,1,3,2,3,3,1,12
1073,1,3,0,5,4,1,12
2316,3,0,4,0,1,4,12
1342,1,4,2,2,1,3,12
2836,4,0,1,4,3,1,12
1315,1,4,2,0,3,1,12
1109,1,3,2,1,4,1,12
507,0,5,0,4,4,0,12
1391,1,4,3,1,2,0,12
2789,4,0,0,4,5,0,12
3434,5,0,4,0,0,4,12
1370,1,4,3,0,0,4,12
2399,3,1,1,3,4,1,12
2612,1,3,3,2,4,1,12
1146,1,3,3,2,0,4,12
1138,1,3,3,1,0,5,12
1142,1,3,3,1,4,1,12
2447,3,1,2,3,4,0,12
2488,3,1,4,1,4,0,12
2440,3,1,2,3,1,3,12
669,0,5,3,1,5,0,12
1061,1,3,0,5,0,4,12
1384,1,4,3,1,0,2,12
1053,1,3,0,4,0,5,12
2769,5,0,3,2,3,1,12
1289,1,4,1,2,5,0,12
3388,5,0,3,0,0,4,12
2373,3,1,0,5,1,3,12
3412,5,0,3,1,3,0,12
1304,1,4,2,0,0,2,12
2897,4,0,3,2,3,1,12
1680,1,4,2,1,3,1,12
2826,4,0,1,4,0,4,12
1204,1,4,0,2,2,0,12
1312,1,4,2,0,2,2,12
1336,1,4,2,2,0,2,12
1243,1,4,0,4,4,0,12
2927,4,0,5,0,3,1,12
2474,3,1,4,0,4,1,12
2808,4,0,1,1,2,3,12
365,0,4,1,4,4,0,12
2869,4,0,2,3,3,1,12
728,0,5,5,0,2,3,12
2481,3,1,4,1,1,3,12
322,0,4,0,5,1,3,12
1070,1,3,0,5,3,1,12
3410,5,0,3,1,2,2,12
1055,1,3,0,4,2,3,12
1141,1,3,3,1,3,2,12
2721,3,1,3,2,4,0,12
1772,5,0,2,1,3,1,12
660,0,5,3,1,1,4,12
2879,4,0,3,1,1,4,12
1178,1,3,4,1,3,1,12
3405,5,0,3,1,1,2,12
2407,3,1,1,4,1,3,12
1395,1,4,3,1,3,0,12
2470,3,1,4,0,0,5,12
1343,1,4,2,2,2,0,12
1296,1,4,1,3,2,2,12
1418,1,4,4,0,0,4,12
466,0,4,5,0,4,0,12
1389,1,4,3,1,1,2,12
3441,5,0,4,0,2,2,12
544,0,5,1,3,0,4,12
2541,0,4,3,2,1,3,12
1387,1,4,3,1,0,5,12
1094,1,3,1,4,3,1,12
2878,4,0,3,1,0,5,12
3350,5,0,2,1,3,1,12
2471,3,1,4,0,1,4,12
2504,3,1,5,0,4,0,12
1278,1,4,1,2,0,4,12
1285,1,4,1,2,3,1,12
3202,5,0,0,2,1,4,12
2467,3,1,3,2,4,0,12
2726,4,0,3,2,0,4,12
2449,3,1,2,3,5,0,11
3249,5,0,0,5,1,3,11
679,0,5,3,2,2,2,11
3435,5,0,4,0,0,5,11
2489,3,1,4,1,5,0,11
711,0,5,4,1,2,2,11
583,0,5,2,0,2,3,11
1293,1,4,1,3,0,5,11
609,0,5,2,2,1,1,11
3392,5,0,3,0,1,3,11
1815,2,2,1,2,0,5,11
2664,2,2,3,2,0,5,11
1354,1,4,2,3,0,4,11
2059,2,3,2,0,0,5,11
2450,3,1,3,0,0,5,11
2367,3,1,0,4,5,0,11
633,0,5,2,3,3,1,11
1917,2,2,5,0,0,5,11
657,0,5,3,1,1,1,11
1842,2,2,2,0,0,5,11
1847,2,2,2,1,0,5,11
698,0,5,4,0,3,1,11
1901,2,2,4,1,0,5,11
1719,3,1,2,1,0,5,11
2723,3,1,3,2,5,0,11
1723,3,1,2,1,5,0,11
2932,4,1,0,2,0,5,11
621,0,5,2,2,5,0,11
401,0,4,2,3,5,0,11
601,0,5,2,1,3,1,11
682,0,5,3,2,3,1,11
2940,4,1,0,2,2,3,11
395,0,4,2,3,2,2,11
569,0,5,1,4,3,1,11
1829,2,2,1,4,0,5,11
659,0,5,3,1,1,3,11
1932,2,3,0,2,0,5,11
647,0,5,3,0,2,2,11
2694,3,0,3,2,0,4,11
677,0,5,3,2,2,0,11
2711,3,1,3,2,0,5,11
1855,2,2,2,3,0,5,11
521,0,5,1,1,3,1,11
667,0,5,3,1,4,0,11
2404,3,1,1,4,0,5,11
2383,3,1,0,5,5,0,11
1720,3,1,2,1,1,4,11
537,0,5,1,2,3,1,11
2729,4,0,3,2,1,2,11
480,0,5,0,2,4,1,11
1787,2,2,0,4,0,5,11
2482,3,1,4,1,1,4,11
1199,1,4,0,2,0,4,11
598,0,5,2,1,2,2,11
2805,4,0,0,5,5,0,11
1064,1,3,0,5,1,4,11
619,0,5,2,2,4,0,11
1419,1,4,4,0,0,5,11
2338,3,0,5,0,0,4,11
2363,3,1,0,4,1,4,11
2423,3,1,2,1,0,5,11
3372,5,0,2,3,0,4,11
310,0,4,0,2,1,4,11
1644,0,5,2,1,2,2,11
2454,3,1,3,0,5,0,11
2437,3,1,2,3,0,5,11
2564,0,5,3,2,3,1,11
3197,5,0,0,2,0,4,11
655,0,5,3,1,0,3,11
629,0,5,2,3,2,0,11
668,0,5,3,1,4,1,11
1259,1,4,0,5,4,0,11
2479,3,1,4,1,0,5,11
3228,5,0,0,4,0,2,11
649,0,5,3,0,3,1,11
553,0,5,1,3,3,1,11
2389,3,1,1,2,0,5,11
2458,3,1,3,2,0,5,11
321,0,4,0,5,1,2,11
611,0,5,2,2,1,3,11
2211,3,0,0,4,5,0,11
1647,0,5,2,1,3,1,11
2835,4,0,1,4,3,0,11
2248,3,0,1,4,0,4,11
2493,3,1,5,0,0,5,11
475,0,5,0,2,2,3,11
1239,1,4,0,4,2,3,11
1866,2,2,3,0,0,5,11
3437,5,0,4,0,1,2,11
2374,3,1,0,5,1,4,11
534,0,5,1,2,2,2,11
610,0,5,2,2,1,2,11
328,0,4,0,5,3,0,11
620,0,5,2,2,4,1,11
3238,5,0,0,4,2,3,11
695,0,5,4,0,2,2,11
1789,2,2,0,4,2,3,11
425,0,4,3,2,3,0,11
2462,3,1,3,2,1,4,11
2427,3,1,2,1,5,0,11
2796,4,0,0,5,1,4,11
1251,1,4,0,5,1,3,11
1230,1,4,0,4,0,2,11
2362,3,1,0,4,0,5,11
2547,0,4,3,2,3,0,11
3295,5,0,1,3,0,5,11
714,0,5,4,1,3,1,11
2441,3,1,2,3,1,4,11
314,0,4,0,2,5,0,11
1944,2,3,0,2,4,1,11
1880,2,2,3,2,0,5,11
2424,3,1,2,1,1,4,11
2559,0,5,3,2,2,0,11
665,0,5,3,1,3,0,11
612,0,5,2,2,1,4,11
2889,4,0,3,2,1,2,11
550,0,5,1,3,2,2,11
658,0,5,3,1,1,2,11
664,0,5,3,1,2,3,11
1691,2,2,2,1,0,5,11
616,0,5,2,2,3,0,11
518,0,5,1,1,2,2,11
2451,3,1,3,0,1,4,11
2715,3,1,3,2,1,4,11
730,0,5,5,0,3,1,11
2302,3,0,3,2,0,4,11
2561,0,5,3,2,2,2,11
607,0,5,2,2,0,3,11
2469,3,1,3,2,5,0,11
392,0,4,2,3,1,4,11
3258,5,0,0,5,4,0,11
1234,1,4,0,4,1,2,10
1009,1,2,4,0,5,0,10
2595,1,2,3,2,4,0,10
1759,4,1,2,1,5,0,10
724,0,5,5,0,1,4,10
3211,5,0,0,2,4,1,10
3279,5,0,1,2,0,5,10
1763,5,0,2,1,0,5,10
3353,5,0,2,1,4,1,10
3333,5,0,2,0,2,2,10
166,0,3,0,5,1,3,10
2813,4,0,1,2,1,4,10
3455,5,0,4,1,2,1,10
3251,5,0,0,5,2,0,10
403,0,4,3,0,1,4,10
589,0,5,2,0,5,0,10
1254,1,4,0,5,2,2,10
904,1,2,0,4,5,0,10
653,0,5,3,0,5,0,10
1318,1,4,2,0,4,1,10
2960,4,1,0,3,4,0,10
3419,5,0,3,2,0,5,10
1403,1,4,3,2,0,5,10
3248,5,0,0,5,1,2,10
1802,2,2,0,5,2,3,10
2617,1,4,3,2,0,5,10
3362,5,0,2,2,2,0,10
1246,1,4,0,5,0,2,10
1651,0,5,2,1,5,0,10
2874,4,0,3,0,1,4,10
2936,4,1,0,2,1,4,10
3369,5,0,2,2,4,1,10
3239,5,0,0,4,3,0,10
3324,5,0,2,0,0,2,10
2633,2,0,3,2,0,5,10
3244,5,0,0,5,0,2,10
1642,0,5,2,1,1,4,10
685,0,5,3,2,5,0,10
557,0,5,1,3,5,0,10
1001,1,2,3,2,4,0,10
942,1,2,1,4,4,0,10
1775,5,0,2,1,4,1,10
701,0,5,4,0,5,0,10
1439,1,4,4,1,2,0,10
1800,2,2,0,5,2,0,10
1258,1,4,0,5,3,2,10
3389,5,0,3,0,0,5,10
933,1,2,1,4,0,4,10
1382,1,4,3,0,4,1,10
3203,5,0,0,2,2,0,10
596,0,5,2,1,1,4,10
525,0,5,1,1,5,0,10
2259,3,0,1,4,4,0,10
1443,1,4,4,1,3,0,10
3311,5,0,1,4,0,5,10
644,0,5,3,0,1,4,10
515,0,5,1,1,1,4,10
1476,2,0,0,4,0,5,10
1436,1,4,4,1,1,1,10
2558,0,5,3,2,1,4,10
3307,5,0,1,3,4,1,10
1441,1,4,4,1,2,2,10
1005,1,2,4,0,1,4,10
345,0,4,1,2,5,0,10
541,0,5,1,2,5,0,10
605,0,5,2,1,5,0,10
3257,5,0,0,5,3,2,10
3078,4,1,2,1,1,4,10
3165,4,1,4,0,0,3,10
3253,5,0,0,5,2,2,10
481,0,5,0,2,5,0,10
3357,5,0,2,2,0,5,10
1421,1,4,4,0,1,2,10
580,0,5,2,0,1,4,10
547,0,5,1,3,1,4,10
1307,1,4,2,0,0,5,10
3198,5,0,0,2,0,5,10
1200,1,4,0,2,0,5,10
3232,5,0,0,4,1,2,10
1040,1,2,5,0,4,0,10
3085,4,1,2,1,5,0,10
1252,1,4,0,5,2,0,10
407,0,4,3,0,5,0,10
1339,1,4,2,2,0,5,10
3327,5,0,2,0,0,5,10
1256,1,4,0,5,3,0,10
2759,5,0,3,2,0,5,10
341,0,4,1,2,1,4,10
173,0,3,0,5,3,1,10
1116,1,3,2,2,5,0,10
1249,1,4,0,5,1,1,10
1212,1,4,0,2,4,1,10
471,0,5,0,2,1,4,10
3456,5,0,4,1,2,2,10
573,0,5,1,4,5,0,10
1440,1,4,4,1,2,1,10
1279,1,4,1,2,0,5,10
3450,5,0,4,1,1,1,10
1451,1,4,5,0,0,5,10
1752,4,1,2,1,1,4,10
2945,4,1,0,2,5,0,10
1672,1,4,2,1,0,5,10
2856,4,0,2,2,5,0,10
900,1,2,0,4,1,4,10
3255,5,0,0,5,3,0,10
2852,4,0,2,2,1,4,10
1334,1,4,2,1,4,1,10
1302,1,4,1,3,4,1,10
692,0,5,4,0,1,4,10
2782,4,0,0,3,4,1,10
3263,5,0,1,1,0,5,10
1323,1,4,2,1,0,5,10
170,0,3,0,5,2,2,10
1265,1,4,1,1,0,5,10
1477,2,0,0,4,1,4,10
3247,5,0,0,5,1,1,10
531,0,5,1,2,1,4,10
175,0,3,0,5,4,0,10
1350,1,4,2,2,4,1,10
1371,1,4,3,0,0,5,10
2567,0,5,3,2,5,0,10
3454,5,0,4,1,2,0,10
1992,2,3,0,5,5,0,10
3341,5,0,2,1,0,5,10
1570,2,0,3,2,0,5,10
1250,1,4,0,5,1,2,10
1683,1,4,2,1,4,1,10
676,0,5,3,2,1,4,10
1028,1,2,5,0,0,4,10
3278,5,0,1,2,0,4,10
1112,1,3,2,2,1,4,10
690,0,5,4,0,1,2,9
709,0,5,4,1,2,0,9
2115,2,3,3,1,0,3,9
3296,5,0,1,3,1,1,9
552,0,5,1,3,3,0,9
2492,3,1,5,0,0,4,9
1591,2,0,4,1,0,5,9
329,0,4,0,5,3,1,9
691,0,5,4,0,1,3,9
2347,3,0,5,0,3,1,9
2926,4,0,5,0,2,3,9
2120,2,3,3,1,1,3,9
3100,4,1,2,2,4,0,9
290,0,3,4,1,3,1,9
461,0,4,5,0,2,2,9
1972,2,3,0,4,3,1,9
3136,4,1,3,1,0,4,9
2062,2,3,2,0,1,3,9
703,0,5,4,1,0,3,9
254,0,3,3,1,4,1,9
575,0,5,2,0,0,3,9
1977,2,3,0,5,0,2,9
1703,2,3,2,1,1,3,9
622,0,5,2,3,0,2,9
250,0,3,3,1,0,5,9
2090,2,3,2,2,1,3,9
693,0,5,4,0,2,0,9
2242,3,0,1,3,2,3,9
2725,4,0,3,2,0,3,9
237,0,3,2,3,2,2,9
261,0,3,3,2,1,3,9
2800,4,0,0,5,2,3,9
241,0,3,2,3,4,0,9
469,0,5,0,2,1,2,9
213,0,3,2,0,2,3,9
1788,2,2,0,4,1,4,9
2039,2,3,1,3,5,0,9
1093,1,3,1,4,3,0,9
2153,2,3,4,0,1,4,9
2030,2,3,1,3,1,4,9
2406,3,1,1,4,1,2,9
1998,2,3,1,1,1,3,9
1297,1,4,1,3,2,3,9
1154,1,3,3,2,2,3,9
3088,4,1,2,2,0,4,9
272,0,3,4,0,0,5,9
1365,1,4,2,3,4,0,9
1511,2,0,1,3,1,4,9
6,0,2,0,4,2,3,9
1113,1,3,2,2,2,3,9
546,0,5,1,3,1,2,9
3280,5,0,1,2,1,1,9
1294,1,4,1,3,2,0,9
3087,4,1,2,2,0,3,9
274,0,3,4,0,2,3,9
721,0,5,5,0,1,1,9
1060,1,3,0,5,0,3,9
2033,2,3,1,3,2,2,9
568,0,5,1,4,3,0,9
2076,2,3,2,1,1,3,9
2370,3,1,0,5,0,4,9
2533,0,3,3,2,4,0,9
2457,3,1,3,2,0,4,9
514,0,5,1,1,1,3,9
1900,2,2,4,1,0,4,9
8,0,2,0,4,4,1,9
397,0,4,2,3,3,1,9
588,0,5,2,0,4,1,9
910,1,2,0,5,1,4,9
2127,2,3,3,1,4,0,9
526,0,5,1,2,0,2,9
2971,4,1,0,4,2,2,9
2053,2,3,1,4,4,0,9
227,0,3,2,2,4,1,9
452,0,4,5,0,0,2,9
3302,5,0,1,3,2,3,9
2184,2,3,5,0,1,3,9
283,0,3,4,1,1,3,9
1145,1,3,3,2,0,3,9
2143,2,3,3,2,4,0,9
729,0,5,5,0,3,0,9
3098,4,1,2,2,3,1,9
3264,5,0,1,1,1,2,9
2093,2,3,2,2,3,1,9
472,0,5,0,2,2,0,9
2157,2,3,4,0,3,0,9
1792,2,2,0,4,5,0,9
445,0,4,4,1,2,2,9
2403,3,1,1,4,0,4,9
1193,1,3,5,0,3,0,9
2245,3,0,1,3,5,0,9
1916,2,2,5,0,0,4,9
2502,3,1,5,0,3,0,9
2608,1,3,3,2,2,3,9
70,0,2,2,2,1,4,9
2853,4,0,2,2,2,3,9
2151,2,3,4,0,1,2,9
363,0,4,1,4,3,1,9
1068,1,3,0,5,2,3,9
2156,2,3,4,0,2,2,9
3442,5,0,4,0,2,3,9
523,0,5,1,1,4,0,9
2086,2,3,2,2,0,4,9
545,0,5,1,3,1,1,9
2689,2,3,3,2,4,0,9
1176,1,3,4,1,2,3,9
597,0,5,2,1,2,0,9
235,0,3,2,3,2,0,9
1481,2,0,0,4,5,0,9
1984,2,3,0,5,2,0,9
2525,0,3,3,2,1,3,9
2158,2,3,4,0,3,1,9
2006,2,3,1,1,4,0,9
1710,2,3,2,1,4,0,9
393,0,4,2,3,2,0,9
2150,2,3,4,0,1,1,9
3142,4,1,3,1,2,2,9
2035,2,3,1,3,3,1,9
2257,3,0,1,4,3,1,9
587,0,5,2,0,4,0,9
2911,4,0,4,1,2,3,9
1345,1,4,2,2,2,3,9
2412,3,1,1,4,3,0,9
2029,2,3,1,3,1,2,9
3380,5,0,2,3,2,2,9
1879,2,2,3,2,0,4,9
276,0,3,4,0,4,1,9
2116,2,3,3,1,0,4,9
3384,5,0,2,3,4,0,9
1092,1,3,1,4,2,3,9
623,0,5,2,3,0,3,9
1970,2,3,0,4,2,2,9
1079,1,3,1,1,5,0,9
2176,2,3,4,1,4,0,9
2599,1,3,3,2,0,3,9
2974,4,1,0,4,3,1,9
638,0,5,3,0,0,2,9
2682,2,3,3,2,1,3,9
702,0,5,4,1,0,2,9
1358,1,4,2,3,1,3,9
722,0,5,5,0,1,2,9
1791,2,2,0,4,4,1,9
985,1,2,3,1,1,4,9
2698,3,0,3,2,1,3,9
1795,2,2,0,5,0,4,9
448,0,4,4,1,3,1,9
1510,2,0,1,3,0,5,9
2780,4,0,0,3,2,3,9
2027,2,3,1,3,0,5,9
1583,2,0,4,0,0,5,9
1828,2,2,1,4,0,4,9
1167,1,3,4,1,0,3,9
3146,4,1,3,1,4,0,9
2834,4,0,1,4,2,3,9
1504,2,0,1,2,0,5,9
520,0,5,1,1,3,0,9
193,0,3,1,3,4,1,9
2710,3,1,3,2,0,4,9
2067,2,3,2,0,4,0,9
2081,2,3,2,1,4,0,9
2548,0,4,3,2,3,1,9
2046,2,3,1,4,1,3,9
2154,2,3,4,0,2,0,9
561,0,5,1,4,1,1,9
326,0,4,0,5,2,2,9
574,0,5,2,0,0,2,9
1685,2,0,2,1,0,5,9
2031,2,3,1,3,2,0,9
530,0,5,1,2,1,3,9
3330,5,0,2,0,1,3,9
1742,4,0,2,1,2,3,9
476,0,5,0,2,3,0,9
225,0,3,2,2,2,3,9
2858,4,0,2,3,0,3,9
2895,4,0,3,2,2,3,9
2609,1,3,3,2,3,0,9
3177,4,1,4,0,3,1,9
489,0,5,0,3,2,3,9
2847,4,0,2,1,2,3,9
292,0,3,4,1,4,0,9
2252,3,0,1,4,1,3,9
1545,2,0,2,3,0,5,9
494,0,5,0,3,4,1,9
689,0,5,4,0,1,1,9
1532,2,0,2,1,0,5,9
579,0,5,2,0,1,3,9
1076,1,3,1,1,2,3,9
287,0,3,4,1,2,2,9
2218,3,0,0,5,1,4,9
423,0,4,3,2,2,2,9
2192,2,3,5,0,4,0,9
2436,3,1,2,3,0,4,9
2379,3,1,0,5,3,0,9
2034,2,3,1,3,3,0,9
2240,3,0,1,3,0,5,9
2364,3,1,0,4,2,3,9
3135,4,1,3,1,0,3,9
464,0,4,5,0,3,1,9
2978,4,1,0,5,0,2,9
3364,5,0,2,2,2,3,9
1162,1,3,4,0,2,3,9
1464,2,0,0,2,0,5,9
1537,2,0,2,2,0,5,9
642,0,5,3,0,1,2,9
1310,1,4,2,0,1,3,9
548,0,5,1,3,2,0,9
2545,0,4,3,2,2,2,9
1426,1,4,4,0,2,3,9
2149,2,3,4,0,0,5,9
3265,5,0,1,1,1,3,9
190,0,3,1,3,0,5,9
1990,2,3,0,5,4,0,9
2366,3,1,0,4,4,1,9
2227,3,0,0,5,5,0,9
2791,4,0,0,5,0,3,9
2901,4,0,4,1,0,3,9
1643,0,5,2,1,2,0,9
426,0,4,3,2,3,1,9
2161,2,3,4,0,5,0,9
1192,1,3,5,0,2,3,9
2244,3,0,1,3,4,1,9
1958,2,3,0,3,4,0,9
2735,4,0,3,2,2,3,9
1854,2,2,2,3,0,4,9
1069,1,3,0,5,3,0,9
360,0,4,1,4,2,2,9
239,0,3,2,3,3,1,9
2124,2,3,3,1,2,2,9
651,0,5,3,0,4,0,9
555,0,5,1,3,4,0,9
370,0,4,2,0,2,3,9
269,0,3,3,2,4,0,9
536,0,5,1,2,3,0,9
2342,3,0,5,0,1,3,9
697,0,5,4,0,3,0,9
643,0,5,3,0,1,3,9
1584,2,0,4,0,1,4,9
2820,4,0,1,3,2,3,9
252,0,3,3,1,2,3,9
3376,5,0,2,3,1,3,9
3299,5,0,1,3,2,0,9
3174,4,1,4,0,2,2,9
2217,3,0,0,5,1,3,9
1361,1,4,2,3,2,2,9
539,0,5,1,2,4,0,9
352,0,4,1,4,0,2,9
2478,3,1,4,1,0,4,9
562,0,5,1,4,1,2,9
1982,2,3,0,5,1,3,9
2147,2,3,4,0,0,3,9
1556,2,0,3,0,0,5,9
1155,1,3,3,2,3,0,9
2241,3,0,1,3,1,4,9
2136,2,3,3,2,1,3,9
2028,2,3,1,3,1,1,9
2168,2,3,4,1,1,3,9
2095,2,3,2,2,4,0,9
1665,1,3,2,1,2,3,9
1107,1,3,2,1,2,3,9
2306,3,0,3,2,1,3,9
2885,4,0,3,2,0,3,9
2299,3,0,3,1,5,0,9
2663,2,2,3,2,0,4,9
223,0,3,2,2,0,5,9
1760,5,0,2,1,0,2,8
3075,4,1,2,1,0,5,8
1351,1,4,2,2,5,0,8
632,0,5,2,3,3,0,8
1922,2,2,5,0,2,0,8
1062,1,3,0,5,1,1,8
1383,1,4,3,0,5,0,8
3027,4,1,1,3,0,5,8
987,1,2,3,1,3,2,8
3276,5,0,1,2,0,2,8
1978,2,3,0,5,0,3,8
510,0,5,1,1,0,2,8
1314,1,4,2,0,3,0,8
2756,5,0,3,2,0,2,8
684,0,5,3,2,4,1,8
733,0,5,5,0,4,1,8
908,1,2,0,5,1,1,8
627,0,5,2,3,1,3,8
3285,5,0,1,2,2,2,8
3416,5,0,3,2,0,2,8
64,0,2,2,1,1,4,8
935,1,2,1,4,2,0,8
1340,1,4,2,2,1,1,8
3043,4,1,1,4,0,5,8
1515,2,0,1,3,5,0,8
1569,2,0,3,2,0,4,8
1995,2,3,1,1,0,4,8
1897,2,2,4,0,5,0,8
1099,1,3,2,0,0,5,8
1867,2,2,3,0,1,4,8
1006,1,2,4,0,2,3,8
2621,1,4,3,2,2,0,8
706,0,5,4,1,1,2,8
2219,3,0,0,5,2,0,8
1380,1,4,3,0,3,2,8
1457,1,4,5,0,2,2,8
3199,5,0,0,2,1,1,8
1921,2,2,5,0,1,4,8
3308,5,0,1,4,0,2,8
2910,4,0,4,1,2,2,8
2073,2,3,2,1,0,5,8
892,1,2,0,2,5,0,8
1377,1,4,3,0,2,2,8
2307,3,0,3,2,1,4,8
1276,1,4,1,2,0,2,8
604,0,5,2,1,4,1,8
528,0,5,1,2,0,4,8
3205,5,0,0,2,2,2,8
3312,5,0,1,4,1,1,8
2133,2,3,3,2,0,5,8
2343,3,0,5,0,1,4,8
2705,3,0,3,2,4,0,8
1669,1,4,2,1,0,2,8
961,1,2,2,2,5,0,8
1825,2,2,1,3,5,0,8
2840,4,0,2,0,0,5,8
2327,3,0,4,1,1,4,8
1877,2,2,3,1,5,0,8
1490,2,0,0,5,2,2,8
1865,2,2,2,3,5,0,8
3029,4,1,1,3,1,2,8
648,0,5,3,0,2,3,8
1595,2,0,4,1,1,4,8
34,0,2,1,2,5,0,8
1989,2,3,0,5,3,2,8
2614,1,4,3,2,0,2,8
2699,3,0,3,2,1,4,8
1677,1,4,2,1,2,2,8
2743,4,1,3,2,0,5,8
115,0,2,3,2,5,0,8
1075,1,3,1,1,0,5,8
1305,1,4,2,0,0,3,8
773,1,1,1,3,0,5,8
950,1,2,2,0,5,0,8
137,0,2,4,1,5,0,8
2262,3,0,2,0,0,5,8
2519,0,2,3,2,5,0,8
1676,1,4,2,1,2,0,8
1891,2,2,3,2,5,0,8
3169,4,1,4,0,1,2,8
3269,5,0,1,1,2,2,8
58,0,2,2,0,1,4,8
1207,1,4,0,2,2,3,8
1777,2,2,0,2,1,4,8
1821,2,2,1,3,1,4,8
696,0,5,4,0,2,3,8
2992,4,1,0,5,4,0,8
2263,3,0,2,0,1,4,8
2979,4,1,0,5,0,3,8
100,0,2,3,1,4,1,8
1224,1,4,0,3,3,0,8
1175,1,3,4,1,2,2,8
1452,1,4,5,0,1,1,8
2195,3,0,0,2,1,4,8
3089,4,1,2,2,0,5,8
551,0,5,1,3,2,3,8
1320,1,4,2,1,0,2,8
1330,1,4,2,1,3,0,8
3354,5,0,2,2,0,2,8
3196,5,0,0,2,0,3,8
991,1,2,3,2,0,4,8
1313,1,4,2,0,2,3,8
3058,4,1,2,0,0,4,8
3183,4,1,5,0,0,5,8
1538,2,0,2,2,1,4,8
71,0,2,2,2,2,3,8
2566,0,5,3,2,4,1,8
2562,0,5,3,2,2,3,8
1968,2,3,0,4,2,0,8
1282,1,4,1,2,2,2,8
402,0,4,3,0,0,5,8
1400,1,4,3,2,0,2,8
2623,1,4,3,2,2,2,8
2312,3,0,3,2,4,0,8
1859,2,2,2,3,1,4,8
1359,1,4,2,3,2,0,8
2980,4,1,0,5,0,4,8
1284,1,4,1,2,3,0,8
3176,4,1,4,0,3,0,8
29,0,2,1,1,5,0,8
3167,4,1,4,0,0,5,8
2896,4,0,3,2,3,0,8
1368,1,4,3,0,0,2,8
144,0,2,5,0,1,4,8
2736,4,0,3,2,3,0,8
1492,2,0,0,5,3,0,8
1478,2,0,0,4,2,3,8
680,0,5,3,2,2,3,8
1987,2,3,0,5,3,0,8
1905,2,2,4,1,1,4,8
3329,5,0,2,0,1,2,8
556,0,5,1,3,4,1,8
1980,2,3,0,5,1,1,8
1769,5,0,2,1,2,2,8
2989,4,1,0,5,3,0,8
705,0,5,4,1,1,1,8
1411,1,4,3,2,3,0,8
279,0,3,4,1,0,4,8
1115,1,3,2,2,4,1,8
625,0,5,2,3,1,1,8
2987,4,1,0,5,2,2,8
1373,1,4,3,0,1,2,8
56,0,2,1,4,5,0,8
1448,1,4,5,0,0,2,8
535,0,5,1,2,2,3,8
1679,1,4,2,1,3,0,8
1266,1,4,1,1,2,0,8
3317,5,0,1,4,2,2,8
635,0,5,2,3,4,0,8
3386,5,0,3,0,0,2,8
1268,1,4,1,1,2,2,8
1280,1,4,1,2,2,0,8
3266,5,0,1,1,1,4,8
713,0,5,4,1,3,0,8
107,0,2,3,2,1,4,8
168,0,3,0,5,2,0,8
2268,3,0,2,1,1,4,8
918,1,2,0,5,4,0,8
989,1,2,3,1,5,0,8
1208,1,4,0,2,3,0,8
3359,5,0,2,2,1,2,8
1030,1,2,5,0,1,1,8
2274,3,0,2,2,1,4,8
1623,0,2,2,1,5,0,8
1833,2,2,1,4,2,0,8
2991,4,1,0,5,3,2,8
519,0,5,1,1,2,3,8
715,0,5,4,1,3,2,8
437,0,4,4,1,0,3,8
1374,1,4,3,0,1,3,8
80,0,2,2,3,1,4,8
3355,5,0,2,2,0,3,8
2590,1,2,3,2,2,0,8
700,0,5,4,0,4,1,8
1337,1,4,2,2,0,3,8
3358,5,0,2,2,1,1,8
1352,1,4,2,3,0,2,8
3347,5,0,2,1,2,2,8
1843,2,2,2,0,1,4,8
1004,1,2,4,0,0,5,8
504,0,5,0,4,3,0,8
1873,2,2,3,1,1,4,8
2990,4,1,0,5,3,1,8
907,1,2,0,5,0,4,8
996,1,2,3,2,2,0,8
1488,2,0,0,5,1,4,8
1692,2,2,2,1,1,4,8
1369,1,4,3,0,0,3,8
626,0,5,2,3,1,2,8
1893,2,2,4,0,1,4,8
1341,1,4,2,2,1,2,8
2043,2,3,1,4,0,5,8
336,0,4,1,1,2,3,8
2983,4,1,0,5,1,3,8
89,0,2,2,3,5,0,8
1327,1,4,2,1,2,0,8
98,0,2,3,1,2,3,8
1202,1,4,0,2,1,2,8
2996,4,1,1,1,0,4,8
3395,5,0,3,0,2,2,8
1871,2,2,3,0,5,0,8
49,0,2,1,4,2,2,8
640,0,5,3,0,0,4,8
1799,2,2,0,5,1,4,8
162,0,3,0,4,4,1,8
3393,5,0,3,0,1,4,8
2855,4,0,2,2,4,1,8
3426,5,0,3,2,2,2,8
1008,1,2,4,0,4,1,8
940,1,2,1,4,3,1,8
1376,1,4,3,0,2,1,8
1846,2,2,2,0,5,0,8
2165,2,3,4,1,0,5,8
1714,3,0,2,1,1,4,8
1409,1,4,3,2,2,2,8
2948,4,1,0,3,0,5,8
2985,4,1,0,5,2,0,8
2585,1,2,3,2,0,4,8
3035,4,1,1,3,3,0,8
2637,2,0,3,2,1,4,8
899,1,2,0,4,0,5,8
1851,2,2,2,1,5,0,8
572,0,5,1,4,4,1,8
3283,5,0,1,2,2,0,8
2235,3,0,1,2,1,4,8
13,0,2,0,5,1,4,8
1913,2,2,4,1,5,0,8
1816,2,2,1,2,1,4,8
372,0,4,2,0,4,1,8
3260,5,0,1,1,0,2,8
101,0,2,3,1,5,0,8
1346,1,4,2,2,3,0,8
2594,1,2,3,2,3,1,8
1487,2,0,0,5,1,3,8
1964,2,3,0,4,1,1,8
1372,1,4,3,0,1,1,8
1309,1,4,2,0,1,2,8
1549,2,0,2,3,1,4,8
1465,2,0,0,2,1,4,8
1407,1,4,3,2,2,0,8
599,0,5,2,1,2,3,8
2675,2,2,3,2,5,0,8
3105,4,1,2,3,0,5,8
455,0,4,5,0,1,1,8
5,0,2,0,4,1,4,8
3200,5,0,0,2,1,2,8
2117,2,3,3,1,0,5,8
1619,0,2,2,1,1,4,8
2632,2,0,3,2,0,4,8
1201,1,4,0,2,1,1,8
2794,4,0,0,5,1,2,8
1808,2,2,0,5,5,0,8
2058,2,3,2,0,0,4,8
755,1,1,0,5,1,2,8
1848,2,2,2,1,1,4,8
2969,4,1,0,4,2,0,8
1038,1,2,5,0,3,1,8
1574,2,0,3,2,1,4,8
3365,5,0,2,2,3,0,8
97,0,2,3,1,1,4,8
3137,4,1,3,1,0,5,8
524,0,5,1,1,4,1,8
3206,5,0,0,2,2,3,8
2965,4,1,0,4,1,1,8
540,0,5,1,2,4,1,8
921,1,2,1,1,0,5,8
3151,4,1,3,2,0,5,8
716,0,5,4,1,4,0,8
1308,1,4,2,0,1,1,8
3207,5,0,0,2,3,0,8
2679,2,3,3,2,0,5,8
1819,2,2,1,2,5,0,8
3370,5,0,2,3,0,2,8
1000,1,2,3,2,3,1,8
72,0,2,2,2,4,1,8
1378,1,4,3,0,2,3,8
652,0,5,3,0,4,1,8
2981,4,1,0,5,1,1,8
1375,1,4,3,0,2,0,8
418,0,4,3,2,1,2,8
1988,2,3,0,5,3,1,8
1298,1,4,1,3,3,0,8
1981,2,3,0,5,1,2,8
2511,0,2,3,2,1,4,8
160,0,3,0,4,2,3,8
707,0,5,4,1,1,3,8
68,0,2,2,1,5,0,8
1328,1,4,2,1,2,2,8
387,0,4,2,3,0,3,8
1826,2,2,1,4,0,2,8
2982,4,1,0,5,1,2,8
1275,1,4,1,1,5,0,8
1883,2,2,3,2,1,4,8
23,0,2,0,5,5,0,8
1779,2,2,0,2,4,1,8
2766,5,0,3,2,2,2,8
2667,2,2,3,2,1,4,8
2804,4,0,0,5,4,1,8
1986,2,3,0,5,2,2,8
1696,2,2,2,1,5,0,8
73,0,2,2,2,5,0,8
230,0,3,2,3,0,4,8
3361,5,0,2,2,1,4,8
355,0,4,1,4,1,1,8
2181,2,3,5,0,0,5,8
1459,1,4,5,0,3,0,8
2540,0,4,3,2,1,2,8
497,0,5,0,4,1,2,8
62,0,2,2,0,5,0,8
1780,2,2,0,2,5,0,8
128,0,2,4,1,1,4,8
338,0,4,1,1,4,1,8
9,0,2,0,4,5,0,8
3338,5,0,2,1,0,2,8
1533,2,0,2,1,1,4,8
1749,4,1,2,1,0,5,8
1650,0,5,2,1,4,1,8
2625,1,4,3,2,3,0,8
1198,1,4,0,2,0,3,8
1700,2,3,2,1,0,5,8
1841,2,2,1,4,5,0,8
468,0,5,0,2,1,1,8
634,0,5,2,3,3,2,8
1362,1,4,2,3,3,0,8
25,0,2,1,1,1,4,8
1033,1,2,5,0,2,0,8
1948,2,3,0,3,0,5,8
340,0,4,1,2,0,5,8
925,1,2,1,1,5,0,8
1686,2,0,2,1,1,4,8
1262,1,4,1,1,0,2,8
1979,2,3,0,5,0,4,8
164,0,3,0,5,1,1,8
1645,0,5,2,1,2,3,8
1933,2,3,0,2,1,1,7
1385,1,4,3,1,0,3,7
171,0,3,0,5,2,3,7
2930,4,1,0,2,0,3,7
3180,4,1,5,0,0,2,7
2518,0,2,3,2,4,1,7
1940,2,3,0,2,3,0,7
3122,4,1,3,0,1,1,7
560,0,5,1,4,0,4,7
2247,3,0,1,4,0,3,7
278,0,3,4,1,0,2,7
2631,2,0,3,2,0,3,7
2040,2,3,1,4,0,2,7
2676,2,3,3,2,0,2,7
454,0,4,5,0,0,5,7
3134,4,1,3,1,0,2,7
3272,5,0,1,1,3,1,7
3056,4,1,2,0,0,2,7
1924,2,2,5,0,2,3,7
1172,1,3,4,1,1,4,7
2317,3,0,4,0,2,3,7
1122,1,3,2,3,1,4,7
932,1,2,1,4,0,3,7
2003,2,3,1,1,3,0,7
727,0,5,5,0,2,2,7
3404,5,0,3,1,1,1,7
1132,1,3,3,0,0,5,7
2934,4,1,0,2,1,2,7
28,0,2,1,1,4,1,7
1394,1,4,3,1,2,3,7
280,0,3,4,1,0,5,7
1277,1,4,1,2,0,3,7
1521,2,0,1,4,1,2,7
1946,2,3,0,3,0,2,7
249,0,3,3,0,5,0,7
3387,5,0,3,0,0,3,7
232,0,3,2,3,1,1,7
3126,4,1,3,0,2,0,7
1993,2,3,1,1,0,2,7
306,0,3,5,0,3,1,7
1512,2,0,1,3,2,3,7
3067,4,1,2,0,3,0,7
2662,2,2,3,2,0,3,7
1827,2,2,1,4,0,3,7
1878,2,2,3,2,0,3,7
1480,2,0,0,4,4,1,7
3378,5,0,2,3,2,0,7
3223,5,0,0,3,3,0,7
61,0,2,2,0,4,1,7
2456,3,1,3,2,0,3,7
153,0,2,5,0,4,1,7
1263,1,4,1,1,0,3,7
228,0,3,2,2,5,0,7
157,0,3,0,2,4,1,7
26,0,2,1,1,2,3,7
2130,2,3,3,2,0,2,7
1853,2,2,2,3,0,3,7
186,0,3,1,2,2,3,7
1544,2,0,2,3,0,4,7
1568,2,0,3,2,0,3,7
3382,5,0,2,3,3,1,7
323,0,4,0,5,1,4,7
45,0,2,1,4,1,2,7
1939,2,3,0,2,2,2,7
3186,4,1,5,0,1,3,7
114,0,2,3,2,4,1,7
2295,3,0,3,1,0,5,7
1097,1,3,1,4,4,1,7
3,0,2,0,3,4,1,7
2941,4,1,0,2,3,0,7
1217,1,4,0,3,1,1,7
231,0,3,2,3,0,5,7
3288,5,0,1,2,3,1,7
1746,4,1,2,1,0,2,7
140,0,2,5,0,0,5,7
2056,2,3,2,0,0,2,7
1697,2,3,2,1,0,2,7
2070,2,3,2,1,0,2,7
2933,4,1,0,2,1,1,7
2049,2,3,1,4,2,2,7
206,0,3,1,4,3,1,7
1606,2,0,5,0,0,4,7
268,0,3,3,2,3,1,7
2998,4,1,1,1,1,2,7
558,0,5,1,4,0,2,7
233,0,3,2,3,1,2,7
3401,5,0,3,1,0,3,7
215,0,3,2,0,4,1,7
43,0,2,1,4,0,5,7
1080,1,3,1,2,0,5,7
333,0,4,0,5,5,0,7
720,0,5,5,0,0,4,7
1941,2,3,0,2,3,1,7
2529,0,3,3,2,2,2,7
255,0,3,3,1,5,0,7
2435,3,1,2,3,0,3,7
920,1,2,0,5,5,0,7
1899,2,2,4,1,0,3,7
2946,4,1,0,3,0,2,7
2321,3,0,4,1,0,3,7
2114,2,3,3,1,0,2,7
2532,0,3,3,2,3,1,7
3046,4,1,1,4,1,3,7
2994,4,1,1,1,0,2,7
324,0,4,0,5,2,0,7
3334,5,0,2,0,2,3,7
88,0,2,2,3,4,1,7
1794,2,2,0,5,0,3,7
1363,1,4,2,3,3,1,7
1388,1,4,3,1,1,1,7
2013,2,3,1,2,1,1,7
1997,2,3,1,1,1,2,7
2199,3,0,0,2,5,0,7
1,0,2,0,3,2,3,7
1945,2,3,0,2,5,0,7
946,1,2,2,0,1,4,7
2872,4,0,2,3,5,0,7
354,0,4,1,4,0,5,7
1197,1,3,5,0,4,1,7
2460,3,1,3,2,1,2,7
2937,4,1,0,2,2,0,7
242,0,3,2,3,4,1,7
288,0,3,4,1,2,3,7
477,0,5,0,2,3,1,7
1027,1,2,5,0,0,3,7
2060,2,3,2,0,1,1,7
963,1,2,2,3,0,3,7
1937,2,3,0,2,2,0,7
2929,4,0,5,0,4,1,7
2942,4,1,0,2,3,1,7
1934,2,3,0,2,1,2,7
1131,1,3,2,3,5,0,7
298,0,3,5,0,1,2,7
3195,4,1,5,0,4,0,7
3119,4,1,3,0,0,3,7
1609,2,0,5,0,1,2,7
927,1,2,1,3,2,3,7
211,0,3,2,0,0,5,7
2402,3,1,1,4,0,3,7
182,0,3,1,1,4,1,7
229,0,3,2,3,0,2,7
245,0,3,3,0,1,4,7
3303,5,0,1,3,3,0,7
2369,3,1,0,5,0,3,7
132,0,2,4,1,2,3,7
2915,4,0,4,1,5,0,7
3012,4,1,1,2,1,1,7
142,0,2,5,0,1,2,7
2216,3,0,0,5,1,2,7
3015,4,1,1,2,2,0,7
915,1,2,0,5,3,0,7
474,0,5,0,2,2,2,7
199,0,3,1,4,1,2,7
22,0,2,0,5,4,1,7
224,0,3,2,2,1,4,7
51,0,2,1,4,3,0,7
2280,3,0,2,3,0,3,7
1484,2,0,0,5,0,4,7
654,0,5,3,1,0,2,7
443,0,4,4,1,2,0,7
3004,4,1,1,1,3,0,7
3325,5,0,2,0,0,3,7
1590,2,0,4,1,0,4,7
282,0,3,4,1,1,2,7
2188,2,3,5,0,2,2,7
185,0,3,1,2,1,4,7
2206,3,0,0,4,0,5,7
2084,2,3,2,2,0,2,7
110,0,2,3,2,2,3,7
1835,2,2,1,4,2,3,7
289,0,3,4,1,3,0,7
3335,5,0,2,0,3,1,7
2864,4,0,2,3,1,4,7
320,0,4,0,5,1,1,7
3001,4,1,1,1,2,0,7
1915,2,2,5,0,0,3,7
358,0,4,1,4,2,0,7
2099,2,3,3,0,0,3,7
205,0,3,1,4,3,0,7
1218,1,4,0,3,1,2,7
2319,3,0,4,0,4,1,7
2097,2,3,2,2,5,0,7
2000,2,3,1,1,2,0,7
251,0,3,3,1,1,4,7
2249,3,0,1,4,0,5,7
1518,2,0,1,4,0,4,7
176,0,3,0,5,4,1,7
3408,5,0,3,1,2,0,7
3148,4,1,3,2,0,2,7
2010,2,3,1,2,0,3,7
281,0,3,4,1,1,1,7
1541,2,0,2,2,5,0,7
149,0,2,5,0,3,0,7
2713,3,1,3,2,1,2,7
459,0,4,5,0,2,0,7
3061,4,1,2,0,1,2,7
2740,4,1,3,2,0,2,7
2873,4,0,3,0,0,5,7
2495,3,1,5,0,1,2,7
1919,2,2,5,0,1,2,7
1181,1,3,4,1,5,0,7
50,0,2,1,4,2,3,7
65,0,2,2,1,2,3,7
1936,2,3,0,2,1,4,7
1930,2,3,0,2,0,3,7
2907,4,0,4,1,1,4,7
2709,3,1,3,2,0,3,7
285,0,3,4,1,2,0,7
2514,0,2,3,2,2,3,7
606,0,5,2,2,0,2,7
238,0,3,2,3,3,0,7
2178,2,3,5,0,0,2,7
2339,3,0,5,0,0,5,7
2477,3,1,4,1,0,3,7
3040,4,1,1,4,0,2,7
246,0,3,3,0,2,3,7
2162,2,3,4,1,0,2,7
1271,1,4,1,1,3,1,7
2337,3,0,5,0,0,3,7
3086,4,1,2,2,0,2,7
2939,4,1,0,2,2,2,7
203,0,3,1,4,2,2,7
1620,0,2,2,1,2,3,7
1029,1,2,5,0,0,5,7
421,0,4,3,2,2,0,7
566,0,5,1,4,2,2,7
934,1,2,1,4,0,5,7
188,0,3,1,2,4,1,7
2102,2,3,3,0,1,1,7
67,0,2,2,1,4,1,7
248,0,3,3,0,4,1,7
2091,2,3,2,2,1,4,7
2543,0,4,3,2,2,0,7
2439,3,1,2,3,1,2,7
180,0,3,1,1,2,3,7
2315,3,0,4,0,0,5,7
2491,3,1,5,0,0,3,7
59,0,2,2,0,2,3,7
17,0,2,0,5,2,3,7
3054,4,1,1,4,4,0,7
2812,4,0,1,2,0,5,7
3411,5,0,3,1,2,3,7
2225,3,0,0,5,4,0,7
3216,5,0,0,3,1,2,7
124,0,2,4,1,0,5,7
305,0,3,5,0,3,0,7
718,0,5,5,0,0,2,7
148,0,2,5,0,2,3,7
155,0,3,0,2,2,3,7
2480,3,1,4,1,1,2,7
3102,4,1,2,3,0,2,7
189,0,3,1,2,5,0,7
1585,2,0,4,0,2,3,7
1486,2,0,0,5,1,2,7
2372,3,1,0,5,1,2,7
2838,4,0,1,4,4,1,7
76,0,2,2,3,0,5,7
889,1,2,0,2,1,4,7
909,1,2,0,5,1,3,7
926,1,2,1,3,0,5,7
265,0,3,3,2,2,2,7
1622,0,2,2,1,4,1,7
303,0,3,5,0,2,2,7
3060,4,1,2,0,1,1,7
929,1,2,1,3,4,1,7
55,0,2,1,4,4,1,7
3072,4,1,2,1,0,2,7
154,0,3,0,2,1,4,6
1806,2,2,0,5,4,0,6
1892,2,2,4,0,0,5,6
930,1,2,1,3,5,0,6
3094,4,1,2,2,2,0,6
1960,2,3,0,3,5,0,6
1022,1,2,4,1,3,1,6
1513,2,0,1,3,3,2,6
2691,2,3,3,2,5,0,6
2356,3,1,0,3,0,5,6
2636,2,0,3,2,1,3,6
1704,2,3,2,1,1,4,6
1889,2,2,3,2,4,0,6
96,0,2,3,1,0,5,6
1051,1,3,0,3,4,1,6
2085,2,3,2,2,0,3,6
931,1,2,1,4,0,2,6
2358,3,1,0,3,2,3,6
973,1,2,2,3,3,1,6
3270,5,0,1,1,2,3,6
2630,2,0,3,2,0,2,6
1153,1,3,3,2,2,2,6
2069,2,3,2,0,5,0,6
439,0,4,4,1,1,1,6
1994,2,3,1,1,0,3,6
2105,2,3,3,0,1,4,6
1928,2,2,5,0,4,0,6
1125,1,3,2,3,2,2,6
2314,3,0,3,2,5,0,6
1896,2,2,4,0,4,1,6
1820,2,2,1,3,0,5,6
756,1,1,0,5,1,3,6
1770,5,0,2,1,2,3,6
1469,2,0,0,2,5,0,6
1186,1,3,5,0,1,1,6
1548,2,0,2,3,1,3,6
1353,1,4,2,3,0,3,6
1904,2,2,4,1,1,3,6
1712,2,3,2,1,5,0,6
3428,5,0,3,2,3,0,6
948,1,2,2,0,3,2,6
3375,5,0,2,3,1,2,6
2799,4,0,0,5,2,2,6
1582,2,0,3,2,5,0,6
2764,5,0,3,2,2,0,6
1017,1,2,4,1,2,0,6
1367,1,4,2,3,5,0,6
1610,2,0,5,0,1,3,6
2015,2,3,1,2,1,4,6
1858,2,2,2,3,1,3,6
1133,1,3,3,0,1,4,6
1123,1,3,2,3,2,0,6
1894,2,2,4,0,2,3,6
1495,2,0,0,5,4,0,6
2645,2,0,3,2,5,0,6
1999,2,3,1,1,1,4,6
297,0,3,5,0,1,1,6
488,0,5,0,3,2,2,6
3383,5,0,2,3,3,2,6
1356,1,4,2,3,1,1,6
1467,2,0,0,2,3,2,6
2666,2,2,3,2,1,3,6
57,0,2,2,0,0,5,6
2995,4,1,1,1,0,3,6
2607,1,3,3,2,2,2,6
2121,2,3,3,1,1,4,6
1798,2,2,0,5,1,3,6
2851,4,0,2,2,0,5,6
30,0,2,1,2,0,5,6
2215,3,0,0,5,1,1,6
3427,5,0,3,2,2,3,6
1912,2,2,4,1,4,0,6
1678,1,4,2,1,2,3,6
944,1,2,1,4,5,0,6
3374,5,0,2,3,1,1,6
949,1,2,2,0,4,1,6
911,1,2,0,5,2,0,6
3381,5,0,2,3,3,0,6
1151,1,3,3,2,2,0,6
3398,5,0,3,0,3,2,6
2390,3,1,1,2,1,4,6
2008,2,3,1,1,5,0,6
1191,1,3,5,0,2,2,6
768,1,1,1,2,0,5,6
1920,2,2,5,0,1,3,6
389,0,4,2,3,1,1,6
2354,3,1,0,2,4,1,6
2768,5,0,3,2,3,0,6
781,1,1,1,4,0,5,6
2024,2,3,1,2,5,0,6
1189,1,3,5,0,2,0,6
2063,2,3,2,0,1,4,6
1482,2,0,0,5,0,2,6
1567,2,0,3,2,0,2,6
1067,1,3,0,5,2,2,6
2624,1,4,3,2,2,3,6
2767,5,0,3,2,2,3,6
3286,5,0,1,2,2,3,6
3222,5,0,0,3,2,3,6
984,1,2,3,1,0,5,6
1785,2,2,0,3,4,1,6
1269,1,4,1,1,2,3,6
69,0,2,2,2,0,5,6
3379,5,0,2,3,2,1,6
3396,5,0,3,0,2,3,6
1026,1,2,5,0,0,2,6
875,1,1,5,0,0,5,6
1822,2,2,1,3,2,3,6
746,1,1,0,4,0,5,6
2867,4,0,2,3,2,2,6
1084,1,3,1,2,5,0,6
1954,2,3,0,3,2,2,6
1514,2,0,1,3,4,1,6
2137,2,3,3,2,1,4,6
1329,1,4,2,1,2,3,6
2854,4,0,2,2,3,2,6
1783,2,2,0,3,2,3,6
1468,2,0,0,2,4,1,6
2605,1,3,3,2,2,0,6
1573,2,0,3,2,1,3,6
2212,3,0,0,5,0,2,6
1882,2,2,3,2,1,3,6
2394,3,1,1,2,5,0,6
1832,2,2,1,4,1,3,6
1283,1,4,1,2,2,3,6
90,0,2,3,0,0,5,6
1839,2,2,1,4,4,0,6
1594,2,0,4,1,1,3,6
1187,1,3,5,0,1,2,6
1491,2,0,0,5,2,3,6
1458,1,4,5,0,2,3,6
3348,5,0,2,1,2,3,6
825,1,1,3,0,0,5,6
3261,5,0,1,1,0,3,6
2055,2,3,1,4,5,0,6
905,1,2,0,5,0,2,6
2683,2,3,3,2,1,4,6
1951,2,3,0,3,1,4,6
1089,1,3,1,4,2,0,6
916,1,2,0,5,3,1,6
2061,2,3,2,0,1,2,6
1065,1,3,0,5,2,0,6
2129,2,3,3,1,5,0,6
2673,2,2,3,2,4,0,6
2734,4,0,3,2,2,2,6
2246,3,0,1,4,0,2,6
1360,1,4,2,3,2,1,6
3065,4,1,2,0,2,2,6
2169,2,3,4,1,1,4,6
3318,5,0,1,4,2,3,6
158,0,3,0,2,5,0,6
2894,4,0,3,2,2,2,6
2352,3,1,0,2,2,3,6
2185,2,3,5,0,1,4,6
1781,2,2,0,3,0,5,6
1522,2,0,1,4,1,3,6
2925,4,0,5,0,2,2,6
491,0,5,0,3,3,1,6
2951,4,1,0,3,1,3,6
2360,3,1,0,3,4,1,6
1364,1,4,2,3,3,2,6
1357,1,4,2,3,1,2,6
988,1,2,3,1,4,1,6
2833,4,0,1,4,2,2,6
129,0,2,4,1,2,0,6
2336,3,0,5,0,0,2,6
1031,1,2,5,0,1,3,6
2177,2,3,4,1,5,0,6
183,0,3,1,1,5,0,6
2057,2,3,2,0,0,3,6
2064,2,3,2,0,3,0,6
986,1,2,3,1,2,3,6
751,1,1,0,4,5,0,6
1102,1,3,2,0,3,2,6
1114,1,3,2,2,3,2,6
1091,1,3,1,4,2,2,6
1137,1,3,3,0,5,0,6
3371,5,0,2,3,0,3,6
3281,5,0,1,2,1,3,6
1410,1,4,3,2,2,3,6
2145,2,3,3,2,5,0,6
2113,2,3,3,0,5,0,6
1223,1,4,0,3,2,3,6
1863,2,2,2,3,4,0,6
1111,1,3,2,2,0,5,6
854,1,1,4,0,2,3,6
3025,4,1,1,3,0,3,6
2077,2,3,2,1,1,4,6
1823,2,2,1,3,3,2,6
3215,5,0,0,3,1,1,6
1173,1,3,4,1,2,0,6
3297,5,0,1,3,1,2,6
1824,2,2,1,3,4,1,6
3424,5,0,3,2,2,0,6
1895,2,2,4,0,3,2,6
2083,2,3,2,1,5,0,6
3377,5,0,2,3,1,4,6
2707,3,0,3,2,5,0,6
777,1,1,1,3,5,0,5
1160,1,3,4,0,0,5,5
3161,4,1,3,2,3,1,5
2501,3,1,5,0,2,3,5
2727,4,0,3,2,0,5,5
2843,4,0,2,0,3,2,5
1818,2,2,1,2,4,1,5
2827,4,0,1,4,0,5,5
913,1,2,0,5,2,2,5
2267,3,0,2,1,0,5,5
2919,4,0,5,0,0,5,5
304,0,3,5,0,2,3,5
2892,4,0,3,2,2,0,5
2303,3,0,3,2,0,5,5
3267,5,0,1,1,2,0,5
563,0,5,1,4,1,3,5
2368,3,1,0,5,0,2,5
3138,4,1,3,1,1,2,5
1870,2,2,3,0,4,1,5
803,1,1,2,2,0,5,5
2228,3,0,1,1,0,5,5
861,1,1,4,1,0,5,5
2958,4,1,0,3,3,1,5
3181,4,1,5,0,0,3,5
600,0,5,2,1,3,0,5
1690,2,0,2,1,5,0,5
99,0,2,3,1,3,2,5
699,0,5,4,0,3,2,5
3274,5,0,1,1,4,0,5
1119,1,3,2,3,0,5,5
2516,0,2,3,2,3,1,5
1613,2,0,5,0,2,2,5
391,0,4,2,3,1,3,5
1698,2,3,2,1,0,3,5
3090,4,1,2,2,1,1,5
1045,1,3,0,2,3,2,5
2425,3,1,2,1,2,3,5
1497,2,0,0,5,5,0,5
1771,5,0,2,1,3,0,5
542,0,5,1,3,0,2,5
754,1,1,0,5,0,4,5
3140,4,1,3,1,1,4,5
3096,4,1,2,2,2,3,5
1639,0,5,2,1,1,1,5
1768,5,0,2,1,2,0,5
204,0,3,1,4,2,3,5
2226,3,0,0,5,4,1,5
533,0,5,1,2,2,1,5
1048,1,3,0,3,0,5,5
2571,1,1,3,2,0,5,5
2142,2,3,3,2,3,1,5
2401,3,1,1,4,0,2,5
1169,1,3,4,1,0,5,5
734,1,1,0,2,0,5,5
2677,2,3,3,2,0,3,5
2214,3,0,0,5,0,4,5
732,0,5,5,0,4,0,5
3399,5,0,3,0,4,1,5
812,1,1,2,3,0,5,5
450,0,4,4,1,4,0,5
2174,2,3,4,1,3,1,5
2350,3,1,0,2,0,5,5
2432,3,1,2,2,4,1,5
674,0,5,3,2,1,2,5
2213,3,0,0,5,0,3,5
978,1,2,3,0,0,5,5
1713,3,0,2,1,0,5,5
1088,1,3,1,4,0,5,5
2351,3,1,0,2,1,4,5
1589,2,0,4,1,0,3,5
112,0,2,3,2,3,1,5
2505,3,1,5,0,4,1,5
216,0,3,2,0,5,0,5
757,1,1,0,5,1,4,5
1011,1,2,4,1,0,3,5
2411,3,1,1,4,2,3,5
2393,3,1,1,2,4,1,5
876,1,1,5,0,1,2,5
2556,0,5,3,2,1,2,5
951,1,2,2,1,0,5,5
2222,3,0,0,5,2,3,5
2741,4,1,3,2,0,3,5
42,0,2,1,4,0,4,5
725,0,5,5,0,2,0,5
3349,5,0,2,1,3,0,5
1754,4,1,2,1,2,2,5
603,0,5,2,1,4,0,5
2845,4,0,2,1,0,5,5
2220,3,0,0,5,2,1,5
131,0,2,4,1,2,2,5
270,0,3,3,2,4,1,5
2421,3,1,2,0,4,1,5
284,0,3,4,1,1,4,5
1708,2,3,2,1,3,1,5
3328,5,0,2,0,1,1,5
1740,4,0,2,1,0,5,5
2448,3,1,2,3,4,1,5
1628,0,3,2,1,4,1,5
2119,2,3,3,1,1,2,5
3271,5,0,1,1,3,0,5
543,0,5,1,3,0,3,5
2420,3,1,2,0,3,2,5
3099,4,1,2,2,3,2,5
1168,1,3,4,1,0,4,5
2118,2,3,3,1,1,1,5
1813,2,2,1,1,4,1,5
893,1,2,0,3,0,5,5
3041,4,1,1,4,0,3,5
888,1,2,0,2,0,5,5
201,0,3,1,4,2,0,5
60,0,2,2,0,3,2,5
1555,2,0,2,3,5,0,5
1517,2,0,1,4,0,3,5
681,0,5,3,2,3,0,5
650,0,5,3,0,3,2,5
914,1,2,0,5,2,3,5
815,1,1,2,3,1,4,5
3049,4,1,1,4,2,2,5
2282,3,0,2,3,0,5,5
2466,3,1,3,2,2,3,5
3143,4,1,3,1,2,3,5
2490,3,1,5,0,0,2,5
3101,4,1,2,2,5,0,5
3337,5,0,2,0,4,1,5
2468,3,1,3,2,4,1,5
3002,4,1,1,1,2,2,5
1013,1,2,4,1,0,5,5
3141,4,1,3,1,2,0,5
1640,0,5,2,1,1,2,5
1845,2,2,2,0,4,1,5
593,0,5,2,1,1,1,5
3103,4,1,2,3,0,3,5
2079,2,3,2,1,3,1,5
2378,3,1,0,5,2,3,5
564,0,5,1,4,2,0,5
2382,3,1,0,5,4,1,5
2391,3,1,1,2,2,3,5
3394,5,0,3,0,2,1,5
214,0,3,2,0,3,2,5
874,1,1,5,0,0,4,5
2949,4,1,0,3,1,1,5
740,1,1,0,3,0,5,5
917,1,2,0,5,3,2,5
3147,4,1,3,1,5,0,5
2601,1,3,3,2,0,5,5
2430,3,1,2,2,2,3,5
2071,2,3,2,1,0,3,5
2643,2,0,3,2,4,0,5
1718,3,0,2,1,5,0,5
511,0,5,1,1,0,3,5
1721,3,1,2,1,2,3,5
2565,0,5,3,2,4,0,5
3095,4,1,2,2,2,1,5
1840,2,2,1,4,4,1,5
1288,1,4,1,2,4,1,5
2224,3,0,0,5,3,2,5
3158,4,1,3,2,2,2,5
3390,5,0,3,0,1,1,5
2065,2,3,2,0,3,1,5
1778,2,2,0,2,2,3,5
2434,3,1,2,3,0,2,5
1014,1,2,4,1,1,1,5
165,0,3,0,5,1,2,5
399,0,4,2,3,4,0,5
852,1,1,4,0,0,5,5
2194,3,0,0,2,0,5,5
1646,0,5,2,1,3,0,5
687,0,5,4,0,0,3,5
772,1,1,1,2,5,0,5
2323,3,0,4,1,0,5,5
2887,4,0,3,2,0,5,5
266,0,3,3,2,2,3,5
3091,4,1,2,2,1,2,5
1898,2,2,4,1,0,2,5
52,0,2,1,4,3,1,5
2419,3,1,2,0,2,3,5
3458,5,0,4,1,3,0,5
2266,3,0,2,0,4,1,5
2273,3,0,2,2,0,5,5
16,0,2,0,5,2,2,5
2297,3,0,3,1,2,3,5
209,0,3,1,4,4,1,5
2750,4,1,3,2,2,2,5
1641,0,5,2,1,1,3,5
3080,4,1,2,1,2,2,5
1524,2,0,1,4,2,2,5
2732,4,0,3,2,2,0,5
2635,2,0,3,2,1,2,5
3073,4,1,2,1,0,3,5
1663,1,3,2,1,0,5,5
1185,1,3,5,0,0,5,5
139,0,2,5,0,0,4,5
919,1,2,0,5,4,1,5
1607,2,0,5,0,0,5,5
2272,3,0,2,1,5,0,5
646,0,5,3,0,2,1,5
2557,0,5,3,2,1,3,5
3144,4,1,3,1,3,0,5
945,1,2,2,0,0,5,5
686,0,5,4,0,0,2,5
831,1,1,3,1,0,5,5
830,1,1,3,0,5,0,5
1776,2,2,0,2,0,5,5
2109,2,3,3,0,3,1,5
1649,0,5,2,1,4,0,5
2674,2,2,3,2,4,1,5
119,0,2,4,0,3,2,5
85,0,2,2,3,3,1,5
966,1,2,2,3,1,1,5
798,1,1,2,1,0,5,5
2902,4,0,4,1,0,4,5
1063,1,3,0,5,1,2,5
2123,2,3,3,1,2,1,5
1433,1,4,4,1,0,3,5
2859,4,0,2,3,0,4,5
3193,4,1,5,0,3,1,5
198,0,3,1,4,1,1,5
1793,2,2,0,5,0,2,5
1614,2,0,5,0,2,3,5
2452,3,1,3,0,2,3,5
150,0,2,5,0,3,1,5
1586,2,0,4,0,3,2,5
2806,4,0,1,1,0,5,5
1850,2,2,2,1,4,1,5
1929,2,2,5,0,4,1,5
906,1,2,0,5,0,3,5
683,0,5,3,2,4,0,5
2122,2,3,3,1,2,0,5
1437,1,4,4,1,1,2,5
2125,2,3,3,1,3,0,5
3145,4,1,3,1,3,2,5
2753,4,1,3,2,3,1,5
1543,2,0,2,3,0,3,5
3275,5,0,1,1,4,1,5
2200,3,0,0,3,0,5,5
482,0,5,0,3,1,1,5
3068,4,1,2,0,3,1,5
2328,3,0,4,1,2,0,5
286,0,3,4,1,2,1,5
694,0,5,4,0,2,1,5
3128,4,1,3,0,2,2,5
2860,4,0,2,3,0,5,5
2695,3,0,3,2,0,5,5
2223,3,0,0,5,3,1,5
301,0,3,5,0,2,0,5
2586,1,2,3,2,0,5,5
1695,2,2,2,1,4,1,5
2355,3,1,0,2,5,0,5
1914,2,2,5,0,0,2,5
108,0,2,3,2,2,0,5
737,1,1,0,2,3,2,5
864,1,1,4,1,1,4,5
291,0,3,4,1,3,2,5
2527,0,3,3,2,2,0,5
3017,4,1,1,2,2,2,5
2128,2,3,3,1,4,1,5
527,0,5,1,2,0,3,5
2353,3,1,0,2,3,2,5
38,0,2,1,3,3,2,5
2955,4,1,0,3,2,2,5
2298,3,0,3,1,4,1,5
240,0,3,2,3,3,2,5
675,0,5,3,2,1,3,5
2555,0,5,3,2,1,1,5
2131,2,3,3,2,0,3,5
1519,2,0,1,4,0,5,5
780,1,1,1,4,0,4,5
1956,2,3,0,3,3,1,5
723,0,5,5,0,1,3,5
2047,2,3,1,4,2,0,5
2534,0,3,3,2,4,1,5
2051,2,3,1,4,3,1,5
2476,3,1,4,1,0,2,5
1105,1,3,2,1,0,5,5
3130,4,1,3,0,3,1,5
2096,2,3,2,2,4,1,5
147,0,2,5,0,2,2,5
3057,4,1,2,0,0,3,5
1657,1,2,2,1,0,5,5
2797,4,0,0,5,2,0,5
3114,4,1,2,3,3,1,5
3052,4,1,1,4,3,1,5
2004,2,3,1,1,3,1,5
212,0,3,2,0,1,4,5
2801,4,0,0,5,3,0,5
1118,1,3,2,3,0,4,5
3149,4,1,3,2,0,3,5
839,1,1,3,2,0,5,5
2163,2,3,4,1,0,3,5
2264,3,0,2,0,2,3,5
2772,4,0,0,2,0,5,5
2719,3,1,3,2,2,3,5
236,0,3,2,3,2,1,5
484,0,5,0,3,1,3,5
1876,2,2,3,1,4,1,5
3447,5,0,4,1,0,3,5
2179,2,3,5,0,0,3,5
2775,4,0,0,2,3,2,5
554,0,5,1,3,3,2,5
1466,2,0,0,2,2,3,5
27,0,2,1,1,3,2,5
2415,3,1,1,4,4,1,5
538,0,5,1,2,3,2,5
1626,0,3,2,1,2,3,5
234,0,3,2,3,1,4,5
1525,2,0,1,4,2,3,5
309,0,3,5,0,4,1,5
639,0,5,3,0,0,3,5
3190,4,1,5,0,2,2,5
1852,2,2,2,3,0,2,5
3009,4,1,1,2,0,3,5
3346,5,0,2,1,2,0,5
965,1,2,2,3,0,5,5
1949,2,3,0,3,1,1,5
293,0,3,4,1,5,0,5
134,0,2,4,1,3,1,5
595,0,5,2,1,1,3,5
3112,4,1,2,3,2,2,5
2455,3,1,3,2,0,2,5
2221,3,0,0,5,2,2,5
263,0,3,3,2,2,0,5
1864,2,2,2,3,4,1,5
2778,4,0,0,3,0,5,5
479,0,5,0,2,4,0,5
2453,3,1,3,0,4,1,5
2920,4,0,5,0,1,1,5
747,1,1,0,4,1,4,5
673,0,5,3,2,1,1,5
1274,1,4,1,1,4,1,5
3020,4,1,1,2,3,1,5
2722,3,1,3,2,4,1,5
2186,2,3,5,0,2,0,5
2818,4,0,1,3,0,5,5
179,0,3,1,1,1,4,5
184,0,3,1,2,0,5,5
1509,2,0,1,2,5,0,5
493,0,5,0,3,4,0,5
2041,2,3,1,4,0,3,5
19,0,2,0,5,3,1,5
3436,5,0,4,0,1,1,5
1807,2,2,0,5,4,1,5
2708,3,1,3,2,0,2,5
244,0,3,3,0,0,5,5
3291,5,0,1,2,4,1,5
549,0,5,1,3,2,1,5
1603,2,0,4,1,5,0,5
1536,2,0,2,1,5,0,5
1890,2,2,3,2,4,1,5
2903,4,0,4,1,0,5,5
1652,1,1,2,1,0,5,5
172,0,3,0,5,3,0,5
2563,0,5,3,2,3,0,5
924,1,2,1,1,4,1,5
1580,2,0,3,2,4,0,5
2190,2,3,5,0,3,1,5
221,0,3,2,1,4,1,5
2387,3,1,1,1,3,2,5
490,0,5,0,3,3,0,5
3097,4,1,2,2,3,0,5
2530,0,3,3,2,2,3,5
178,0,3,1,1,0,5,5
2688,2,3,3,2,3,1,5
1483,2,0,0,5,0,3,5
2126,2,3,3,1,3,2,5
2386,3,1,1,1,2,3,5
571,0,5,1,4,4,0,5
922,1,2,1,1,2,3,5
2020,2,3,1,2,3,1,5
2512,0,2,3,2,2,0,5
243,0,3,2,3,5,0,5
483,0,5,0,3,1,2,5
441,0,4,4,1,1,3,5
2234,3,0,1,2,0,5,5
522,0,5,1,1,3,2,5
470,0,5,0,2,1,3,5
992,1,2,3,2,0,5,5
1572,2,0,3,2,1,2,5
594,0,5,2,1,1,2,5
83,0,2,2,3,2,2,5
791,1,1,1,4,5,0,5
3093,4,1,2,2,1,4,5
1605,2,0,5,0,0,3,5
1747,4,1,2,1,0,3,5
219,0,3,2,1,2,3,5
3451,5,0,4,1,1,2,5
912,1,2,0,5,2,1,5
1147,1,3,3,2,0,5,5
2485,3,1,4,1,2,3,5
957,1,2,2,2,0,5,5
1042,1,3,0,2,0,5,5
2054,2,3,1,4,4,1,4
3315,5,0,1,4,2,0,4
2810,4,0,1,1,4,1,4
3319,5,0,1,4,3,0,4
2700,3,0,3,2,2,0,4
1470,2,0,0,3,0,5,4
1455,1,4,5,0,2,0,4
2702,3,0,3,2,2,2,4
3104,4,1,2,3,0,4,4
1035,1,2,5,0,2,2,4
745,1,1,0,3,5,0,4
2276,3,0,2,2,3,2,4
1010,1,2,4,1,0,2,4
771,1,1,1,2,4,1,4
2197,3,0,0,2,3,2,4
2330,3,0,4,1,2,2,4
739,1,1,0,2,5,0,4
386,0,4,2,3,0,2,4
24,0,2,1,1,0,5,4
2817,4,0,1,2,5,0,4
3277,5,0,1,2,0,3,4
3322,5,0,1,4,4,0,4
1955,2,3,0,3,3,0,4
829,1,1,3,0,4,1,4
11,0,2,0,5,1,2,4
748,1,1,0,4,2,3,4
2310,3,0,3,2,2,2,4
3003,4,1,1,1,2,3,4
2308,3,0,3,2,2,0,4
1975,2,3,0,4,4,1,4
1887,2,2,3,2,3,0,4
3172,4,1,4,0,2,0,4
3314,5,0,1,4,1,3,4
3081,4,1,2,1,2,3,4
3284,5,0,1,2,2,1,4
960,1,2,2,2,4,1,4
937,1,2,1,4,2,2,4
1593,2,0,4,1,1,2,4
2999,4,1,1,1,1,3,4
300,0,3,5,0,1,4,4
2956,4,1,0,3,2,3,4
458,0,4,5,0,1,4,4
14,0,2,0,5,2,0,4
3420,5,0,3,2,1,1,4
1611,2,0,5,0,1,4,4
2904,4,0,4,1,1,1,4
367,0,4,1,4,5,0,4
1860,2,2,2,3,3,0,4
2068,2,3,2,0,4,1,4
2641,2,0,3,2,3,0,4
2279,3,0,2,3,0,2,4
1462,1,4,5,0,4,0,4
2324,3,0,4,1,1,1,4
3273,5,0,1,1,3,2,4
2844,4,0,2,0,4,1,4
1188,1,3,5,0,1,4,4
1531,2,0,1,4,5,0,4
1431,1,4,4,0,5,0,4
3391,5,0,3,0,1,2,4
3111,4,1,2,3,2,1,4
75,0,2,2,3,0,4,4
1662,1,2,2,1,5,0,4
1764,5,0,2,1,1,1,4
750,1,1,0,4,4,1,4
1597,2,0,4,1,2,2,4
1903,2,2,4,1,1,2,4
2861,4,0,2,3,1,1,4
2144,2,3,3,2,4,1,4
2088,2,3,2,2,1,1,4
3345,5,0,2,1,1,4,4
1130,1,3,2,3,4,1,4
3343,5,0,2,1,1,2,4
3439,5,0,4,0,1,4,4
981,1,2,3,0,3,2,4
824,1,1,2,3,5,0,4
969,1,2,2,3,2,0,4
977,1,2,2,3,5,0,4
3106,4,1,2,3,1,1,4
2828,4,0,1,4,1,1,4
1415,1,4,3,2,5,0,4
2237,3,0,1,2,3,2,4
947,1,2,2,0,2,3,4
1270,1,4,1,1,3,0,4
3062,4,1,2,0,1,3,4
3218,5,0,0,3,1,4,4
3129,4,1,3,0,2,3,4
18,0,2,0,5,3,0,4
3159,4,1,3,2,2,3,4
3110,4,1,2,3,2,0,4
1170,1,3,4,1,1,1,4
1587,2,0,4,0,4,1,4
2289,3,0,2,3,2,2,4
808,1,1,2,2,5,0,4
2923,4,0,5,0,1,4,4
1836,2,2,1,4,3,0,4
78,0,2,2,3,1,2,4
1765,5,0,2,1,1,2,4
2283,3,0,2,3,1,1,4
2416,3,1,1,4,5,0,4
2831,4,0,1,4,2,0,4
749,1,1,0,4,3,2,4
2331,3,0,4,1,2,3,4
77,0,2,2,3,1,1,4
2082,2,3,2,1,4,1,4
958,1,2,2,2,1,4,4
1557,2,0,3,0,1,4,4
2164,2,3,4,1,0,4,4
3309,5,0,1,4,0,3,4
2166,2,3,4,1,1,1,4
91,0,2,3,0,1,4,4
1449,1,4,5,0,0,3,4
857,1,1,4,0,5,0,4
827,1,1,3,0,2,3,4
976,1,2,2,3,4,1,4
767,1,1,0,5,5,0,4
210,0,3,1,4,5,0,4
779,1,1,1,4,0,3,4
851,1,1,3,2,5,0,4
1909,2,2,4,1,3,0,4
871,1,1,4,1,5,0,4
811,1,1,2,3,0,4,4
1472,2,0,0,3,2,3,4
84,0,2,2,3,3,0,4
3108,4,1,2,3,1,3,4
2277,3,0,2,2,4,1,4
2690,2,3,3,2,4,1,4
1461,1,4,5,0,3,2,4
835,1,1,3,1,5,0,4
400,0,4,2,3,4,1,4
2196,3,0,0,2,2,3,4
2265,3,0,2,0,3,2,4
2023,2,3,1,2,4,1,4
1959,2,3,0,3,4,1,4
3320,5,0,1,4,3,1,4
802,1,1,2,1,5,0,4
2320,3,0,4,1,0,2,4
2278,3,0,2,2,5,0,4
3107,4,1,2,3,1,2,4
74,0,2,2,3,0,3,4
826,1,1,3,0,1,4,4
1025,1,2,4,1,5,0,4
3321,5,0,1,4,3,2,4
878,1,1,5,0,1,4,4
1303,1,4,1,3,5,0,4
31,0,2,1,2,1,4,4
2172,2,3,4,1,2,2,4
1831,2,2,1,4,1,2,4
1797,2,2,0,5,1,2,4
2515,0,2,3,2,3,0,4
2957,4,1,0,3,3,0,4
1529,2,0,1,4,4,0,4
446,0,4,4,1,2,3,4
2300,3,0,3,2,0,2,4
1229,1,4,0,3,5,0,4
1454,1,4,5,0,1,3,4
3423,5,0,3,2,1,4,4
1003,1,2,3,2,5,0,4
983,1,2,3,0,5,0,4
2839,4,0,1,4,5,0,4
436,0,4,4,1,0,2,4
2261,3,0,1,4,5,0,4
2583,1,1,3,2,5,0,4
962,1,2,2,3,0,2,4
2175,2,3,4,1,3,2,4
125,0,2,4,1,1,1,4
95,0,2,3,0,5,0,4
1684,1,4,2,1,5,0,4
1755,4,1,2,1,2,3,4
1925,2,2,5,0,3,0,4
1319,1,4,2,0,5,0,4
1098,1,3,1,4,5,0,4
797,1,1,2,0,5,0,4
1711,2,3,2,1,4,1,4
3316,5,0,1,4,2,1,4
890,1,2,0,2,2,3,4
2950,4,1,0,3,1,2,4
3290,5,0,1,2,4,0,4
2497,3,1,5,0,1,4,4
2173,2,3,4,1,3,0,4
1540,2,0,2,2,4,1,4
1019,1,2,4,1,2,2,4
3287,5,0,1,2,3,0,4
1460,1,4,5,0,3,1,4
1420,1,4,4,0,1,1,4
3421,5,0,3,2,1,2,4
1952,2,3,0,3,2,0,4
1950,2,3,0,3,1,2,4
1547,2,0,2,3,1,2,4
1078,1,3,1,1,4,1,4
1526,2,0,1,4,3,0,4
3289,5,0,1,2,3,2,4
863,1,1,4,1,1,3,4
3115,4,1,2,3,3,2,4
3268,5,0,1,1,2,1,4
769,1,1,1,2,2,3,4
2597,1,2,3,2,5,0,4
1120,1,3,2,3,1,1,4
2751,4,1,3,2,2,3,4
1602,2,0,4,1,4,0,4
1020,1,2,4,1,2,3,4
2253,3,0,1,4,2,0,4
1578,2,0,3,2,3,0,4
856,1,1,4,0,4,1,4
2092,2,3,2,2,3,0,4
122,0,2,4,1,0,3,4
898,1,2,0,3,5,0,4
486,0,5,0,3,2,0,4
959,1,2,2,2,2,3,4
2865,4,0,2,3,2,0,4
1656,1,1,2,1,5,0,4
1508,2,0,1,2,4,1,4
3113,4,1,2,3,3,0,4
3070,4,1,2,0,4,0,4
1450,1,4,5,0,0,4,4
2811,4,0,1,1,5,0,4
860,1,1,4,1,0,4,4
971,1,2,2,3,2,2,4
1908,2,2,4,1,2,3,4
877,1,1,5,0,1,3,4
2002,2,3,1,1,2,2,4
3066,4,1,2,0,2,3,4
776,1,1,1,3,4,1,4
2761,5,0,3,2,1,2,4
2692,3,0,3,2,0,2,4
1245,1,4,0,4,5,0,4
1906,2,2,4,1,2,0,4
2167,2,3,4,1,1,2,4
1505,2,0,1,2,1,4,4
2231,3,0,1,1,3,2,4
814,1,1,2,3,1,3,4
3116,4,1,2,3,4,0,4
2255,3,0,1,4,2,2,4
337,0,4,1,1,3,2,4
2972,4,1,0,4,2,3,4
3310,5,0,1,4,0,4,4
3028,4,1,1,3,1,1,4
3342,5,0,2,1,1,1,4
873,1,1,5,0,0,3,4
1399,1,4,3,1,5,0,4
838,1,1,3,2,0,4,4
2171,2,3,4,1,2,1,4
3298,5,0,1,3,1,4,4
3031,4,1,1,3,2,0,4
3050,4,1,1,4,2,3,4
126,0,2,4,1,1,2,4
111,0,2,3,2,3,0,4
774,1,1,1,3,2,3,4
1553,2,0,2,3,4,0,4
1812,2,2,1,1,3,2,4
3331,5,0,2,0,1,4,4
2193,2,3,5,0,4,1,4
891,1,2,0,2,4,1,4
3006,4,1,1,1,4,0,4
133,0,2,4,1,3,0,4
3234,5,0,0,4,1,4,4
2275,3,0,2,2,2,3,4
2807,4,0,1,1,1,4,4
2345,3,0,5,0,2,2,4
2539,0,4,3,2,1,1,4
2570,1,1,3,2,0,4,4
3168,4,1,4,0,1,1,4
1335,1,4,2,1,5,0,4
2671,2,2,3,2,3,0,4
2871,4,0,2,3,4,1,4
2763,5,0,3,2,1,4,4
2629,1,4,3,2,5,0,4
2112,2,3,3,0,4,1,4
1598,2,0,4,1,2,3,4
1456,1,4,5,0,2,1,4
956,1,2,2,1,5,0,4
1767,5,0,2,1,1,4,4
3407,5,0,3,1,1,4,4
1032,1,2,5,0,1,4,4
2170,2,3,4,1,2,0,4
2007,2,3,1,1,4,1,4
2089,2,3,2,2,1,2,4
1857,2,2,2,3,1,2,4
417,0,4,3,2,1,1,4
1560,2,0,3,0,4,1,4
2760,5,0,3,2,1,1,4
3191,4,1,5,0,2,3,4
123,0,2,4,1,0,4,4
2293,3,0,2,3,4,1,4
1803,2,2,0,5,3,0,4
3018,4,1,1,2,2,3,4
2908,4,0,4,1,2,0,4
1273,1,4,1,1,4,0,4
2198,3,0,0,2,4,1,4
738,1,1,0,2,4,1,3
3184,4,1,5,0,1,1,3
1554,2,0,2,3,4,1,3
308,0,3,5,0,4,0,3
453,0,4,5,0,0,3,3
1872,2,2,3,1,0,5,3
2922,4,0,5,0,1,3,3
822,1,1,2,3,4,0,3
3306,5,0,1,3,4,0,3
2822,4,0,1,3,4,1,3
2107,2,3,3,0,2,1,3
2044,2,3,1,4,1,1,3
202,0,3,1,4,2,1,3
1215,1,4,0,3,0,4,3
2098,2,3,3,0,0,2,3
1926,2,2,5,0,3,1,3
3082,4,1,2,1,3,0,3
1164,1,3,4,0,4,1,3
0,0,2,0,3,1,4,3
850,1,1,3,2,4,1,3
2285,3,0,2,3,1,3,3
895,1,2,0,3,2,3,3
1231,1,4,0,4,0,3,3
1422,1,4,4,0,1,3,3
2615,1,4,3,2,0,3,3
1220,1,4,0,3,2,0,3
2333,3,0,4,1,3,2,3
2334,3,0,4,1,4,0,3
2500,3,1,5,0,2,2,3
2465,3,1,3,2,2,2,3
2428,3,1,2,2,0,5,3
3016,4,1,1,2,2,1,3
208,0,3,1,4,4,0,3
2809,4,0,1,1,3,2,3
495,0,5,0,3,5,0,3
1761,5,0,2,1,0,3,3
1782,2,2,0,3,1,4,3
2230,3,0,1,1,2,3,3
3217,5,0,0,3,1,3,3
2208,3,0,0,4,2,3,3
1817,2,2,1,2,2,3,3
3339,5,0,2,1,0,3,3
2009,2,3,1,2,0,2,3
1516,2,0,1,4,0,2,3
1535,2,0,2,1,4,1,3
3118,4,1,3,0,0,2,3
1134,1,3,3,0,2,3,3
2703,3,0,3,2,2,3,3
2429,3,1,2,2,1,4,3
1177,1,3,4,1,3,0,3
1753,4,1,2,1,2,0,3
1052,1,3,0,3,5,0,3
1496,2,0,0,5,4,1,3
1617,2,0,5,0,4,1,3
2271,3,0,2,1,4,1,3
1226,1,4,0,3,3,2,3
1550,2,0,2,3,3,0,3
2103,2,3,3,0,1,2,3
2011,2,3,1,2,0,4,3
719,0,5,5,0,0,3,3
319,0,4,0,3,5,0,3
2256,3,0,1,4,2,3,3
3000,4,1,1,1,1,4,3
406,0,4,3,0,4,1,3
1227,1,4,0,3,4,0,3
2445,3,1,2,3,3,0,3
1165,1,3,4,0,5,0,3
2905,4,0,4,1,1,2,3
2582,1,1,3,2,4,1,3
296,0,3,5,0,0,5,3
796,1,1,2,0,4,1,3
1016,1,2,4,1,1,4,3
2019,2,3,1,2,3,0,3
742,1,1,0,3,2,3,3
2012,2,3,1,2,0,5,3
2997,4,1,1,1,0,5,3
2644,2,0,3,2,4,1,3
2349,3,0,5,0,4,1,3
2680,2,3,3,2,1,1,3
870,1,1,4,1,4,0,3
1750,4,1,2,1,1,2,3
1196,1,3,5,0,4,0,3
3069,4,1,2,0,3,2,3
3047,4,1,1,4,2,0,3
3011,4,1,1,2,0,5,3
2357,3,1,0,3,1,4,3
744,1,1,0,3,4,1,3
833,1,1,3,1,2,3,3
207,0,3,1,4,3,2,3
141,0,2,5,0,1,1,3
1996,2,3,1,1,0,5,3
2693,3,0,3,2,0,3,3
980,1,2,3,0,2,3,3
955,1,2,2,1,4,1,3
2182,2,3,5,0,1,1,3
1786,2,2,0,3,5,0,3
271,0,3,3,2,5,0,3
1012,1,2,4,1,0,4,3
2868,4,0,2,3,3,0,3
736,1,1,0,2,2,3,3
1015,1,2,4,1,1,3,3
3022,4,1,1,2,4,0,3
3051,4,1,1,4,3,0,3
2814,4,0,1,2,2,3,3
2535,0,3,3,2,5,0,3
990,1,2,3,2,0,3,3
145,0,2,5,0,2,0,3
1222,1,4,0,3,2,2,3
1216,1,4,0,3,0,5,3
2825,4,0,1,4,0,3,3
404,0,4,3,0,2,3,3
2578,1,1,3,2,2,3,3
2045,2,3,1,4,1,2,3
1321,1,4,2,1,0,3,3
1180,1,3,4,1,4,0,3
2862,4,0,2,3,1,2,3
44,0,2,1,4,1,1,3
2745,4,1,3,2,1,2,3
2202,3,0,0,3,2,3,3
277,0,3,4,0,5,0,3
867,1,1,4,1,2,3,3
3170,4,1,4,0,1,3,3
33,0,2,1,2,4,1,3
197,0,3,1,4,0,5,3
2210,3,0,0,4,4,1,3
396,0,4,2,3,3,0,3
2875,4,0,3,0,2,3,3
975,1,2,2,3,4,0,3
2718,3,1,3,2,2,2,3
2444,3,1,2,3,2,2,3
1021,1,2,4,1,3,0,3
1565,2,0,3,1,4,1,3
3125,4,1,3,0,1,4,3
3132,4,1,3,0,4,0,3
1417,1,4,4,0,0,3,3
447,0,4,4,1,3,0,3
1530,2,0,1,4,4,1,3
2232,3,0,1,1,4,1,3
2074,2,3,2,1,1,1,3
2078,2,3,2,1,3,0,3
894,1,2,0,3,1,4,3
1599,2,0,4,1,3,0,3
1837,2,2,1,4,3,1,3
2346,3,0,5,0,2,3,3
2793,4,0,0,5,1,1,3
943,1,2,1,4,4,1,3
3220,5,0,0,3,2,1,3
2134,2,3,3,2,1,1,3
855,1,1,4,0,3,2,3
998,1,2,3,2,2,3,3
200,0,3,1,4,1,3,3
834,1,1,3,1,3,2,3
1702,2,3,2,1,1,2,3
2101,2,3,3,0,0,5,3
2111,2,3,3,0,4,0,3
353,0,4,1,4,0,3,3
187,0,3,1,2,3,2,3
903,1,2,0,4,4,1,3
267,0,3,3,2,3,0,3
2779,4,0,0,3,1,4,3
2335,3,0,4,1,5,0,3
2361,3,1,0,3,5,0,3
2748,4,1,3,2,2,0,3
968,1,2,2,3,1,4,3
1625,0,3,2,1,1,4,3
3071,4,1,2,0,5,0,3
3417,5,0,3,2,0,3,3
2744,4,1,3,2,1,1,3
2286,3,0,2,3,1,4,3
2106,2,3,3,0,2,0,3
2757,5,0,3,2,0,3,3
2290,3,0,2,3,3,1,3
2322,3,0,4,1,0,4,3
2292,3,0,2,3,4,0,3
3160,4,1,3,2,3,0,3
1171,1,3,4,1,1,2,3
1121,1,3,2,3,1,2,3
897,1,2,0,3,4,1,3
2783,4,0,0,3,5,0,3
789,1,1,1,4,4,0,3
3131,4,1,3,0,3,2,3
901,1,2,0,4,2,3,3
1291,1,4,1,3,0,3,3
1136,1,3,3,0,4,1,3
2022,2,3,1,2,4,0,3
3185,4,1,5,0,1,2,3
3123,4,1,3,0,1,2,3
2410,3,1,1,4,2,2,3
1861,2,2,2,3,3,1,3
800,1,1,2,1,2,3,3
2569,1,1,3,2,0,3,3
2016,2,3,1,2,2,0,3
2183,2,3,5,0,1,2,3
2005,2,3,1,1,3,2,3
2830,4,0,1,4,1,3,3
2584,1,2,3,2,0,3,3
2050,2,3,1,4,3,0,3
967,1,2,2,3,1,3,3
970,1,2,2,3,2,1,3
2108,2,3,3,0,2,2,3
1018,1,2,4,1,2,1,3
2672,2,2,3,2,3,1,3
2269,3,0,2,1,2,3,3
1874,2,2,3,1,2,3,3
3213,5,0,0,3,0,4,3
2730,4,0,3,2,1,3,3
3438,5,0,4,0,1,3,3
3005,4,1,1,1,3,2,3
1558,2,0,3,0,2,3,3
3221,5,0,0,3,2,2,3
390,0,4,2,3,1,2,3
1214,1,4,0,3,0,2,3
3127,4,1,3,0,2,1,3
1888,2,2,3,2,3,1,3
2486,3,1,4,1,3,0,3
2018,2,3,1,2,2,2,3
177,0,3,0,5,5,0,3
2531,0,3,3,2,3,0,3
1023,1,2,4,1,3,2,3
247,0,3,3,0,3,2,3
2141,2,3,3,2,3,0,3
1081,1,3,1,2,2,3,3
1161,1,3,4,0,1,4,3
3225,5,0,0,3,3,2,3
2687,2,3,3,2,3,0,3
2706,3,0,3,2,4,1,3
974,1,2,2,3,3,2,3
1049,1,3,0,3,1,4,3
2104,2,3,3,0,1,3,3
3007,4,1,1,1,5,0,3
3214,5,0,0,3,0,5,3
3010,4,1,1,2,0,4,3
315,0,4,0,3,1,4,3
344,0,4,1,2,4,1,3
2236,3,0,1,2,2,3,3
259,0,3,3,2,1,1,3
2332,3,0,4,1,3,1,3
964,1,2,2,3,0,4,3
2890,4,0,3,2,1,3,3
2823,4,0,1,3,5,0,3
617,0,5,2,2,3,1,3
3044,4,1,1,4,1,1,3
2021,2,3,1,2,3,2,3
938,1,2,1,4,2,3,3
3014,4,1,1,2,1,4,3
3226,5,0,0,3,4,0,3
790,1,1,1,4,4,1,3
2281,3,0,2,3,0,4,3
2524,0,3,3,2,1,2,3
2291,3,0,2,3,3,2,3
1542,2,0,2,3,0,2,3
1086,1,3,1,4,0,3,3
886,1,1,5,0,4,0,3
32,0,2,1,2,2,3,3
1564,2,0,3,1,3,2,3
2284,3,0,2,3,1,2,3
2912,4,0,4,1,3,0,3
3038,4,1,1,3,4,0,3
194,0,3,1,3,5,0,3
2288,3,0,2,3,2,1,3
3013,4,1,1,2,1,3,3
262,0,3,3,2,1,4,3
2100,2,3,3,0,0,4,3
222,0,3,2,1,5,0,3
302,0,3,5,0,2,1,3
3023,4,1,1,2,5,0,3
3293,5,0,1,3,0,3,3
41,0,2,1,4,0,3,3
3019,4,1,1,2,3,0,3
2795,4,0,0,5,1,3,3
299,0,3,5,0,1,3,3
2431,3,1,2,2,3,2,3
1219,1,4,0,3,1,3,3
1401,1,4,3,2,0,3,3
440,0,4,4,1,1,2,3
761,1,1,0,5,2,3,3
167,0,3,0,5,1,4,3
1301,1,4,1,3,4,0,3
2260,3,0,1,4,4,1,3
3064,4,1,2,0,2,1,3
2953,4,1,0,3,2,0,3
2484,3,1,4,1,2,2,3
3156,4,1,3,2,2,0,3
1756,4,1,2,1,3,0,3
2917,4,0,5,0,0,3,3
191,0,3,1,3,1,4,3
1581,2,0,3,2,4,1,3
294,0,3,5,0,0,2,3
3120,4,1,3,0,0,4,3
3219,5,0,0,3,2,0,3
2287,3,0,2,3,2,0,3
953,1,2,2,1,2,3,3
2075,2,3,2,1,1,2,3
1163,1,3,4,0,3,2,3
2681,2,3,3,2,1,2,3
1471,2,0,0,3,1,4,3
741,1,1,0,3,1,4,3
2110,2,3,3,0,3,2,3
2611,1,3,3,2,4,0,3
1157,1,3,3,2,4,0,3
2966,4,1,0,4,1,2,3
2189,2,3,5,0,3,0,3
853,1,1,4,0,1,4,3
3076,4,1,2,1,1,2,3
785,1,1,1,4,2,3,3
195,0,3,1,4,0,2,3
2313,3,0,3,2,4,1,3
982,1,2,3,0,4,1,3
2973,4,1,0,4,3,0,3
3192,4,1,5,0,3,0,3
859,1,1,4,1,0,3,3
1129,1,3,2,3,4,0,3
1072,1,3,0,5,4,0,3
163,0,3,0,4,5,0,3
837,1,1,3,2,0,3,3
1717,3,0,2,1,4,1,3
2135,2,3,3,2,1,2,3
3045,4,1,1,4,1,2,3
1804,2,2,0,5,3,1,3
3245,5,0,0,5,0,3,3
295,0,3,5,0,0,4,3
1629,0,3,2,1,5,0,3
3124,4,1,3,0,1,3,3
3227,5,0,0,3,4,1,3
2205,3,0,0,3,5,0,3
1024,1,2,4,1,4,0,3
181,0,3,1,1,3,2,3
2819,4,0,1,3,1,4,3
260,0,3,3,2,1,2,3
3008,4,1,1,2,0,2,3
2581,1,1,3,2,4,0,3
2863,4,0,2,3,1,3,3
1041,1,2,5,0,4,1,3
2752,4,1,3,2,3,0,3
753,1,1,0,5,0,3,3
813,1,1,2,3,1,2,3
159,0,3,0,4,1,4,3
3188,4,1,5,0,2,0,3
1661,1,2,2,1,4,1,3
273,0,3,4,0,1,4,3
1474,2,0,0,3,4,1,3
3153,4,1,3,2,1,2,3
2961,4,1,0,3,5,0,3
92,0,2,3,0,2,3,3
342,0,4,1,2,2,3,3
1965,2,3,0,4,1,2,3
882,1,1,5,0,2,3,3
1002,1,2,3,2,4,1,3
3021,4,1,1,2,3,2,3
2311,3,0,3,2,2,3,3
138,0,2,5,0,0,3,3
81,0,2,2,3,2,0,3
1183,1,3,5,0,0,3,3
1588,2,0,4,1,0,2,3
3121,4,1,3,0,0,5,3
794,1,1,2,0,2,3,3
849,1,1,3,2,4,0,3
1083,1,3,1,2,4,1,3
3224,5,0,0,3,3,1,3
1221,1,4,0,3,2,1,3
1096,1,3,1,4,4,0,3
1910,2,2,4,1,3,1,3
1126,1,3,2,3,3,0,3
4,0,2,0,3,5,0,3
1715,3,0,2,1,2,3,3
2294,3,0,2,3,5,0,3
2592,1,2,3,2,2,3,3
2238,3,0,1,2,4,1,3
3059,4,1,2,0,0,5,3
2523,0,3,3,2,1,1,3
1228,1,4,0,3,4,1,3
846,1,1,3,2,2,3,3
94,0,2,3,0,4,1,3
3079,4,1,2,1,2,0,3
806,1,1,2,2,3,2,3
1670,1,4,2,1,0,3,3
810,1,1,2,3,0,3,3
2377,3,1,0,5,2,2,3
862,1,1,4,1,1,2,3
766,1,1,0,5,4,1,3
1247,1,4,0,5,0,3,3
2325,3,0,4,1,1,2,3
823,1,1,2,3,4,1,3
3433,5,0,4,0,0,3,3
2952,4,1,0,3,1,4,3
1971,2,3,0,4,3,0,3
663,0,5,3,1,2,2,3
2906,4,0,4,1,1,3,3
1502,2,0,1,1,4,1,3
218,0,3,2,1,1,4,3
3133,4,1,3,0,5,0,3
2329,3,0,4,1,2,1,3
1475,2,0,0,3,5,0,3
47,0,2,1,4,2,0,3
2017,2,3,1,2,2,1,3
3152,4,1,3,2,1,1,3
2301,3,0,3,2,0,3,3
2014,2,3,1,2,1,3,3
2821,4,0,1,3,3,2,3
1604,2,0,5,0,0,2,3
1654,1,1,2,1,2,3,3
3212,5,0,0,3,0,2,3
3063,4,1,2,0,1,4,3
765,1,1,0,5,4,0,3
2728,4,0,3,2,1,1,3
887,1,1,5,0,4,1,3
2877,4,0,3,0,4,1,3
972,1,2,2,3,3,0,3
807,1,1,2,2,4,1,3
805,1,1,2,2,2,3,3
2326,3,0,4,1,1,3,3
559,0,5,1,4,0,3,3
2888,4,0,3,2,1,1,3
2816,4,0,1,2,4,1,3
2526,0,3,3,2,1,4,3
3229,5,0,0,4,0,3,3
1707,2,3,2,1,3,0,3
485,0,5,0,3,1,4,3
307,0,3,5,0,3,2,3
1875,2,2,3,1,3,2,3
1689,2,0,2,1,4,1,3
1659,1,2,2,1,2,3,3
196,0,3,1,4,0,4,3
2204,3,0,0,3,4,1,3
2596,1,2,3,2,4,1,3
1036,1,2,5,0,2,3,3
1506,2,0,1,2,2,3,3
2201,3,0,0,3,1,4,3
1701,2,3,2,1,1,1,3
1868,2,2,3,0,2,3,3
2433,3,1,2,2,5,0,3
1225,1,4,0,3,3,1,3
2001,2,3,1,1,2,1,3
113,0,2,3,2,4,0,2
1039,1,2,5,0,3,2,2
93,0,2,3,0,3,2,2
3209,5,0,0,2,3,2,2
1566,2,0,3,1,5,0,2
2203,3,0,0,3,3,2,2
1838,2,2,1,4,3,2,2
2914,4,0,4,1,3,2,2
3241,5,0,0,4,3,2,2
405,0,4,3,0,3,2,2
1814,2,2,1,1,5,0,2
1616,2,0,5,0,3,2,2
1007,1,2,4,0,3,2,2
2258,3,0,1,4,3,2,2
999,1,2,3,2,3,0,2
1716,3,0,2,1,3,2,2
585,0,5,2,0,3,1,2
2191,2,3,5,0,3,2,2
1621,0,2,2,1,3,2,2
1501,2,0,1,1,3,2,2
2781,4,0,0,3,3,2,2
2517,0,2,3,2,4,0,2
1757,4,1,2,1,3,2,2
1805,2,2,0,5,3,2,2
3178,4,1,4,0,3,2,2
2080,2,3,2,1,3,2,2
1731,3,2,2,1,1,4,2
2094,2,3,2,2,3,2,2
53,0,2,1,4,3,2,2
2405,3,1,1,4,1,1,2
1730,3,2,2,1,1,3,2
143,0,2,5,0,1,3,2
2483,3,1,4,1,2,0,2
1739,3,2,2,1,5,0,2
1627,0,3,2,1,3,2,2
1534,2,0,2,1,3,2,2
39,0,2,1,3,4,1,2
2384,3,1,1,1,0,5,2
106,0,2,3,2,1,3,2
117,0,2,4,0,1,4,2
1077,1,3,1,1,3,2,2
1615,2,0,5,0,3,1,2
1655,1,1,2,1,3,2,2
2251,3,0,1,4,1,2,2
226,0,3,2,2,3,2,2
1037,1,2,5,0,3,0,2
2380,3,1,0,5,3,2,2
2593,1,2,3,2,3,0,2
2803,4,0,0,5,3,2,2
398,0,4,2,3,3,2,2
2250,3,0,1,4,1,1,2
2413,3,1,1,4,3,2,2
2724,4,0,3,2,0,2,2
1773,5,0,2,1,3,2,2
2510,0,2,3,2,1,3,2
1348,1,4,2,2,3,2,2
253,0,3,3,1,3,2,2
2935,4,1,0,2,1,3,2
1869,2,2,3,0,3,2,2
1881,2,2,3,2,1,1,2
12,0,2,0,5,1,3,2
1796,2,2,0,5,1,1,2
1810,2,2,1,1,1,4,2
1927,2,2,5,0,3,2,2
2943,4,1,0,2,3,2,2
1743,4,0,2,1,3,2,2
2305,3,0,3,2,1,2,2
2857,4,0,2,3,0,2,2
2318,3,0,4,0,3,2,2
2243,3,0,1,3,3,2,2
3024,4,1,1,3,0,2,2
1633,0,4,2,1,3,2,2
1059,1,3,0,5,0,2,2
2577,1,1,3,2,2,2,2
1830,2,2,1,4,1,1,2
2463,3,1,3,2,2,0,2
881,1,1,5,0,2,2,2
979,1,2,3,0,1,4,2
2304,3,0,3,2,1,1,2
1128,1,3,2,3,3,2,2
818,1,1,2,3,2,2,2
1943,2,3,0,2,4,0,2
1562,2,0,3,1,1,4,2
1790,2,2,0,4,3,2,2
848,1,1,3,2,3,1,2
570,0,5,1,4,3,2,2
1195,1,3,5,0,3,2,2
1396,1,4,3,1,3,2,2
3194,4,1,5,0,3,2,2
2716,3,1,3,2,2,0,2
1479,2,0,0,4,3,2,2
2233,3,0,1,1,5,0,2
312,0,4,0,2,3,2,2
116,0,2,4,0,0,5,2
2975,4,1,0,4,3,2,2
896,1,2,0,3,3,2,2
3210,5,0,0,2,4,0,2
661,0,5,3,1,2,0,2
869,1,1,4,1,3,2,2
770,1,1,1,2,3,2,2
1735,3,2,2,1,3,0,2
1416,1,4,4,0,0,2,2
3053,4,1,1,4,3,2,2
1179,1,3,4,1,3,2,2
1272,1,4,1,1,3,2,2
2642,2,0,3,2,3,1,2
1648,0,5,2,1,3,2,2
2928,4,0,5,0,3,2,2
1494,2,0,0,5,3,2,2
2052,2,3,1,4,3,2,2
1733,3,2,2,1,2,2,2
151,0,2,5,0,3,2,2
884,1,1,5,0,3,1,2
784,1,1,1,4,2,2,2
1726,3,2,2,1,0,4,2
411,0,4,3,1,3,2,2
1528,2,0,1,4,3,2,2
1688,2,0,2,1,3,2,2
2777,4,0,0,2,5,0,2
836,1,1,3,2,0,2,2
2417,3,1,2,0,0,5,2
883,1,1,5,0,3,0,2
2392,3,1,1,2,3,2,2
2359,3,1,0,3,3,2,2
1579,2,0,3,2,3,1,2
2870,4,0,2,3,3,2,2
192,0,3,1,3,3,2,2
2388,3,1,1,1,5,0,2
7,0,2,0,4,3,2,2
449,0,4,4,1,3,2,2
1182,1,3,5,0,0,2,2
832,1,1,3,1,1,4,2
46,0,2,1,4,1,3,2
121,0,2,4,0,5,0,2
220,0,3,2,1,3,2,2
1552,2,0,2,3,3,2,2
763,1,1,0,5,3,1,2
821,1,1,2,3,3,2,2
87,0,2,2,3,4,0,2
2270,3,0,2,1,3,2,2
152,0,2,5,0,4,0,2
161,0,3,0,4,3,2,2
586,0,5,2,0,3,2,2
775,1,1,1,3,3,2,2
1732,3,2,2,1,2,0,2
786,1,1,1,4,3,0,2
1561,2,0,3,1,0,5,2
2509,0,2,3,2,1,1,2
174,0,3,0,5,3,2,2
788,1,1,1,4,3,2,2
79,0,2,2,3,1,3,2
2790,4,0,0,5,0,2,2
1902,2,2,4,1,1,1,2
364,0,4,1,4,3,2,2
2422,3,1,2,0,5,0,2
3351,5,0,2,1,3,2,2
1300,1,4,1,3,3,2,2
2697,3,0,3,2,1,2,2
20,0,2,0,5,3,2,2
2446,3,1,2,3,3,2,2
828,1,1,3,0,3,2,2
1918,2,2,5,0,1,1,2
1242,1,4,0,4,3,2,2
618,0,5,2,2,3,2,2
801,1,1,2,1,3,2,2
1044,1,3,0,2,2,3,2
317,0,4,0,3,3,2,2
762,1,1,0,5,3,0,2
3432,5,0,4,0,0,2,2
1144,1,3,3,2,0,2,2
868,1,1,4,1,3,0,2
2426,3,1,2,1,3,2,2
1737,3,2,2,1,4,0,2
3201,5,0,0,2,1,3,2
2773,4,0,0,2,1,4,2
1046,1,3,0,2,4,1,2
1050,1,3,0,3,3,2,2
1666,1,3,2,1,3,2,2
86,0,2,2,3,3,2,2
866,1,1,4,1,2,2,2
37,0,2,1,3,2,3,2
923,1,2,1,1,3,2,2
10,0,2,0,5,1,1,2
2371,3,1,0,5,1,1,2
2876,4,0,3,0,3,2,2
1429,1,4,4,0,3,2,2
1117,1,3,2,3,0,2,2
2159,2,3,4,0,3,2,2
1539,2,0,2,2,3,2,2
902,1,2,0,4,3,2,2
21,0,2,0,5,4,0,2
2815,4,0,1,2,3,2,2
1734,3,2,2,1,2,3,2
941,1,2,1,4,3,2,2
2365,3,1,0,4,3,2,2
1709,2,3,2,1,3,2,2
2438,3,1,2,3,1,1,2
2418,3,1,2,0,1,4,2
1727,3,2,2,1,0,5,2
1809,2,2,1,1,0,5,2
1849,2,2,2,1,3,2,2
764,1,1,0,5,3,2,2
118,0,2,4,0,2,3,2
371,0,4,2,0,3,2,2
2341,3,0,5,0,1,2,2
3413,5,0,3,1,3,2,2
954,1,2,2,1,3,2,2
1601,2,0,4,1,3,2,2
3083,4,1,2,1,3,2,2
2580,1,1,3,2,3,1,2
804,1,1,2,2,1,4,2
2696,3,0,3,2,1,1,2
1563,2,0,3,1,2,3,2
1811,2,2,1,1,2,3,2
1507,2,0,1,2,3,2,2
1493,2,0,0,5,3,1,2
2,0,2,0,3,3,2,2
492,0,5,0,3,3,2,2
506,0,5,0,4,3,2,2
3164,4,1,4,0,0,2,2
2900,4,0,4,1,0,2,2
2712,3,1,3,2,1,1,2
2036,2,3,1,3,3,2,2
3336,5,0,2,0,3,2,2
2776,4,0,0,2,4,1,2
3367,5,0,2,2,3,2,2
330,0,4,0,5,3,2,2
2229,3,0,1,1,1,4,2
1935,2,3,0,2,1,3,2
478,0,5,0,2,3,2,2
136,0,2,4,1,4,0,2
1973,2,3,0,4,3,2,2
2884,4,0,3,2,0,2,2
2385,3,1,1,1,1,4,2
3292,5,0,1,3,0,2,2
1095,1,3,1,4,3,2,2
1681,1,4,2,1,3,2,2
819,1,1,2,3,3,0,2
1559,2,0,3,0,3,2,2
1210,1,4,0,2,3,2,2
343,0,4,1,2,3,2,2
2408,3,1,1,4,2,0,2
1047,1,3,0,2,5,0,2
743,1,1,0,3,3,2,2
858,1,1,4,1,0,2,2
735,1,1,0,2,1,4,2
2487,3,1,4,1,3,2,2
1056,1,3,0,4,3,2,2
2066,2,3,2,0,3,2,2
778,1,1,1,4,0,2,2
1082,1,3,1,2,3,2,2
1043,1,3,0,2,1,4,2
2025,2,3,1,3,0,2,2
1211,1,4,0,2,4,0,2
1724,3,2,2,1,0,2,2
2787,4,0,0,4,3,2,2
2944,4,1,0,2,4,0,2
1942,2,3,0,2,3,2,2
377,0,4,2,1,3,2,2
787,1,1,1,4,3,1,2
349,0,4,1,3,3,2,2
1738,3,2,2,1,4,1,2
35,0,2,1,3,0,5,2
2837,4,0,1,4,3,2,2
602,0,5,2,1,3,2,2
2348,3,0,5,0,3,2,2
1784,2,2,0,3,3,2,2
809,1,1,2,3,0,2,2
1166,1,3,4,1,0,2,2
1862,2,2,2,3,3,2,2
135,0,2,4,1,3,2,2
2459,3,1,3,2,1,1,2
1085,1,3,1,4,0,2,2
885,1,1,5,0,3,2,2
760,1,1,0,5,2,2,2
666,0,5,3,1,3,2,2
1729,3,2,2,1,1,2,2
3305,5,0,1,3,3,2,2
1286,1,4,1,2,3,2,2
1290,1,4,1,3,0,2,2
36,0,2,1,3,1,4,2
2340,3,0,5,0,1,1,2
156,0,3,0,2,3,2,2
465,0,4,5,0,3,2,2
1736,3,2,2,1,3,1,2
2959,4,1,0,3,3,2,2
1332,1,4,2,1,3,2,2
845,1,1,3,2,2,2,2
1551,2,0,2,3,3,1,2
1957,2,3,0,3,3,2,2
731,0,5,5,0,3,2,2
939,1,2,1,4,3,0,2
3444,5,0,4,0,3,2,2
66,0,2,2,1,3,2,2
2665,2,2,3,2,1,1,2
1600,2,0,4,1,3,1,2
120,0,2,4,0,4,1,2
40,0,2,1,3,5,0,2
2442,3,1,2,3,2,0,2
2916,4,0,5,0,0,2,2
2494,3,1,5,0,1,1,2
1203,1,4,0,2,1,3,2
2146,2,3,4,0,0,2,2
928,1,2,1,3,3,2,2
1527,2,0,1,4,3,1,2
2498,3,1,5,0,2,0,2
2598,1,3,3,2,0,2,2
1694,2,2,2,1,3,2,2
1722,3,1,2,1,3,2,2
433,0,4,4,0,3,2,2
2824,4,0,1,4,0,2,2
1473,2,0,0,3,3,2,2
2239,3,0,1,2,5,0,2
3037,4,1,1,3,3,2,2
2209,3,0,0,4,3,2,2
1844,2,2,2,0,3,2,2
820,1,1,2,3,3,1,2
2375,3,1,0,5,2,0,2
847,1,1,3,2,3,0,2
1071,1,3,0,5,3,2,2
2503,3,1,5,0,3,2,2
105,0,2,3,2,1,1,2
1316,1,4,2,0,3,2,2
1911,2,2,4,1,3,2,2
872,1,1,5,0,0,2,2
1728,3,2,2,1,1,1,2
1108,1,3,2,1,3,2,2
275,0,3,4,0,3,2,2
2579,1,1,3,2,3,0,2
2848,4,0,2,1,3,2,2
795,1,1,2,0,3,2,2
1660,1,2,2,1,3,2,2
2774,4,0,0,2,2,3,2
2568,1,1,3,2,0,2,2
1725,3,2,2,1,0,3,2
127,0,2,4,1,1,3,2
383,0,4,2,2,3,2,2
54,0,2,1,4,4,0,2
1135,1,3,3,0,3,2,2
752,1,1,0,5,0,2,2
1856,2,2,2,3,1,1,2
2576,1,1,3,2,2,1,1
3157,4,1,3,2,2,1,1
1498,2,0,1,1,0,5,1
1485,2,0,0,5,1,1,1
394,0,4,2,3,2,1,1
1596,2,0,4,1,2,1,1
1608,2,0,5,0,1,1,1
3332,5,0,2,0,2,1,1
1295,1,4,1,3,2,1,1
1344,1,4,2,2,2,1,1
1408,1,4,3,2,2,1,1
2622,1,4,3,2,2,1,1
1124,1,3,2,3,2,1,1
2798,4,0,0,5,2,1,1
2661,2,1,3,2,5,0,1
2139,2,3,3,2,2,1,1
2591,1,2,3,2,2,1,1
726,0,5,5,0,2,1,1
710,0,5,4,1,2,1,1
2376,3,1,0,5,2,1,1
997,1,2,3,2,2,1,1
2938,4,1,0,2,2,1,1
758,1,1,0,5,2,0,1
2749,4,1,3,2,2,1,1
2344,3,0,5,0,2,1,1
2701,3,0,3,2,2,1,1
1592,2,0,4,1,1,1,1
3363,5,0,2,2,2,1,1
565,0,5,1,4,2,1,1
2309,3,0,3,2,2,1,1
1938,2,3,0,2,2,1,1
3252,5,0,0,5,2,1,1
1267,1,4,1,1,2,1,1
1885,2,2,3,2,2,1,1
2254,3,0,1,4,2,1,1
3173,4,1,4,0,2,1,1
2658,2,1,3,2,3,1,1
662,0,5,3,1,2,1,1
2638,2,0,3,2,2,1,1
759,1,1,0,5,2,1,1
843,1,1,3,2,2,0,1
1612,2,0,5,0,2,1,1
3048,4,1,1,4,2,1,1
2685,2,3,3,2,2,1,1
1152,1,3,3,2,2,1,1
2653,2,1,3,2,1,4,1
1923,2,2,5,0,2,1,1
614,0,5,2,2,2,1,1
1801,2,2,0,5,2,1,1
1953,2,3,0,3,2,1,1
2660,2,1,3,2,4,1,1
2970,4,1,0,4,2,1,1
2464,3,1,3,2,2,1,1
3409,5,0,3,1,2,1,1
1520,2,0,1,4,1,1,1
146,0,2,5,0,2,1,1
2733,4,0,3,2,2,1,1
2560,0,5,3,2,2,1,1
359,0,4,1,4,2,1,1
783,1,1,1,4,2,1,1
169,0,3,0,5,2,1,1
2656,2,1,3,2,2,3,1
3189,4,1,5,0,2,1,1
2528,0,3,3,2,2,1,1
2544,0,4,3,2,2,1,1
1205,1,4,0,2,2,1,1
1281,1,4,1,2,2,1,1
2575,1,1,3,2,2,0,1
2655,2,1,3,2,2,2,1
1499,2,0,1,1,1,4,1
473,0,5,0,2,2,1,1
1500,2,0,1,1,2,3,1
2924,4,0,5,0,2,1,1
2606,1,3,3,2,2,1,1
1571,2,0,3,2,1,1,1
816,1,1,2,3,2,0,1
2155,2,3,4,0,2,1,1
1424,1,4,4,0,2,1,1
936,1,2,1,4,2,1,1
1985,2,3,0,5,2,1,1
1034,1,2,5,0,2,1,1
444,0,4,4,1,2,1,1
460,0,4,5,0,2,1,1
1489,2,0,0,5,2,1,1
2634,2,0,3,2,1,1,1
880,1,1,5,0,2,1,1
2651,2,1,3,2,1,2,1
1503,2,0,1,1,5,0,1
82,0,2,2,3,2,1,1
817,1,1,2,3,2,1,1
2669,2,2,3,2,2,1,1
2909,4,0,4,1,2,1,1
2954,4,1,0,3,2,1,1
1237,1,4,0,4,2,1,1
264,0,3,3,2,2,1,1
3425,5,0,3,2,2,1,1
2832,4,0,1,4,2,1,1
3440,5,0,4,0,2,1,1
678,0,5,3,2,2,1,1
2893,4,0,3,2,2,1,1
844,1,1,3,2,2,1,1
2646,2,1,3,2,0,2,1
2765,5,0,3,2,2,1,1
782,1,1,1,4,2,0,1
109,0,2,3,2,2,1,1
2048,2,3,1,4,2,1,1
2652,2,1,3,2,1,3,1
48,0,2,1,4,2,1,1
3204,5,0,0,2,2,1,1
2659,2,1,3,2,4,0,1
2443,3,1,2,3,2,1,1
2513,0,2,3,2,2,1,1
2654,2,1,3,2,2,0,1
792,1,1,2,0,0,5,1
1969,2,3,0,4,2,1,1
581,0,5,2,0,2,1,1
1311,1,4,2,0,2,1,1
1523,2,0,1,4,2,1,1
865,1,1,4,1,2,0,1
1090,1,3,1,4,2,1,1
2647,2,1,3,2,0,3,1
1546,2,0,2,3,1,1,1
793,1,1,2,0,1,4,1
3300,5,0,1,3,2,1,1
3032,4,1,1,3,2,1,1
2187,2,3,5,0,2,1,1
422,0,4,3,2,2,1,1
2649,2,1,3,2,0,5,1
630,0,5,2,3,2,1,1
15,0,2,0,5,2,1,1
325,0,4,0,5,2,1,1
2648,2,1,3,2,0,4,1
517,0,5,1,1,2,1,1
1907,2,2,4,1,2,1,1
1392,1,4,3,1,2,1,1
1253,1,4,0,5,2,1,1
2032,2,3,1,3,2,1,1
1190,1,3,5,0,2,1,1
2650,2,1,3,2,1,1,1
2717,3,1,3,2,2,1,1
1575,2,0,3,2,2,1,1
2499,3,1,5,0,2,1,1
2866,4,0,2,3,2,1,1
2657,2,1,3,2,3,0,1
2986,4,1,0,5,2,1,1
487,0,5,0,3,2,1,1
879,1,1,5,0,2,0,1
577,0,5,2,0,1,1,1
1066,1,3,0,5,2,1,1
3236,5,0,0,4,2,1,1
130,0,2,4,1,2,1,1
1174,1,3,4,1,2,1,1
2409,3,1,1,4,2,1,1
1834,2,2,1,4,2,1,1
501,0,5,0,4,2,1,1
516,0,5,1,1,2,0,1
