0,0,0,3,0,2,1,4
1,1,0,3,0,2,2,3
2,2,0,3,0,2,3,2
3,3,0,3,0,2,4,1
4,4,0,3,0,2,5,0
5,5,0,4,0,2,1,4
6,6,0,4,0,2,2,3
7,7,0,4,0,2,3,2
8,8,0,4,0,2,4,1
9,9,0,4,0,2,5,0
10,10,0,4,0,3,1,4
11,11,0,4,0,3,2,3
12,12,0,4,0,3,3,2
13,13,0,4,0,3,4,1
14,14,0,4,0,3,5,0
15,15,0,5,0,2,1,1
16,16,0,5,0,2,1,2
17,17,0,5,0,2,1,3
18,18,0,5,0,2,1,4
19,19,0,5,0,2,2,0
20,20,0,5,0,2,2,1
21,21,0,5,0,2,2,2
22,22,0,5,0,2,2,3
23,23,0,5,0,2,3,0
24,24,0,5,0,2,3,1
25,25,0,5,0,2,3,2
26,26,0,5,0,2,4,0
27,27,0,5,0,2,4,1
28,28,0,5,0,2,5,0
29,29,0,5,0,3,1,1
30,30,0,5,0,3,1,2
31,31,0,5,0,3,1,3
32,32,0,5,0,3,1,4
33,33,0,5,0,3,2,0
34,34,0,5,0,3,2,1
35,35,0,5,0,3,2,2
36,36,0,5,0,3,2,3
37,37,0,5,0,3,3,0
38,38,0,5,0,3,3,1
39,39,0,5,0,3,3,2
40,40,0,5,0,3,4,0
41,41,0,5,0,3,4,1
42,42,0,5,0,3,5,0
43,43,0,5,0,4,1,1
44,44,0,5,0,4,1,2
45,45,0,5,0,4,1,3
46,46,0,5,0,4,1,4
47,47,0,5,0,4,2,0
48,48,0,5,0,4,2,1
49,49,0,5,0,4,2,2
50,50,0,5,0,4,2,3
51,51,0,5,0,4,3,0
52,52,0,5,0,4,3,1
53,53,0,5,0,4,3,2
54,54,0,5,0,4,4,0
55,55,0,5,0,4,4,1
56,56,0,5,0,4,5,0
57,57,1,2,1,1,0,5
58,58,1,2,1,1,2,3
59,59,1,2,1,1,3,2
60,60,1,2,1,1,4,1
61,61,1,2,1,1,5,0
62,62,1,3,1,1,0,5
63,63,1,3,1,1,2,3
64,64,1,3,1,1,3,2
65,65,1,3,1,1,4,1
66,66,1,3,1,1,5,0
67,67,1,3,1,2,0,5
68,68,1,3,1,2,2,3
69,69,1,3,1,2,3,2
70,70,1,3,1,2,4,1
71,71,1,3,1,2,5,0
72,72,1,4,1,1,0,2
73,73,1,4,1,1,0,3
74,74,1,4,1,1,0,4
75,75,1,4,1,1,0,5
76,76,1,4,1,1,2,0
77,77,1,4,1,1,2,1
78,78,1,4,1,1,2,2
79,79,1,4,1,1,2,3
80,80,1,4,1,1,3,0
81,81,1,4,1,1,3,1
82,82,1,4,1,1,3,2
83,83,1,4,1,1,4,0
84,84,1,4,1,1,4,1
85,85,1,4,1,1,5,0
86,86,1,4,1,2,0,2
87,87,1,4,1,2,0,3
88,88,1,4,1,2,0,4
89,89,1,4,1,2,0,5
90,90,1,4,1,2,2,0
91,91,1,4,1,2,2,1
92,92,1,4,1,2,2,2
93,93,1,4,1,2,2,3
94,94,1,4,1,2,3,0
95,95,1,4,1,2,3,1
96,96,1,4,1,2,3,2
97,97,1,4,1,2,4,0
98,98,1,4,1,2,4,1
99,99,1,4,1,2,5,0
100,100,1,4,1,3,0,2
101,101,1,4,1,3,0,3
102,102,1,4,1,3,0,4
103,103,1,4,1,3,0,5
104,104,1,4,1,3,2,0
105,105,1,4,1,3,2,1
106,106,1,4,1,3,2,2
107,107,1,4,1,3,2,3
108,108,1,4,1,3,3,0
109,109,1,4,1,3,3,1
110,110,1,4,1,3,3,2
111,111,1,4,1,3,4,0
112,112,1,4,1,3,4,1
113,113,1,4,1,3,5,0
114,114,2,2,2,0,0,5
115,115,2,2,2,0,1,4
116,116,2,2,2,0,3,2
117,117,2,2,2,0,4,1
118,118,2,2,2,0,5,0
119,119,2,2,2,1,0,5
120,120,2,2,2,1,1,4
121,121,2,2,2,1,3,2
122,122,2,2,2,1,4,1
123,123,2,2,2,1,5,0
124,124,2,3,2,0,0,2
125,125,2,3,2,0,0,3
126,126,2,3,2,0,0,4
127,127,2,3,2,0,0,5
128,128,2,3,2,0,1,1
129,129,2,3,2,0,1,2
130,130,2,3,2,0,1,3
131,131,2,3,2,0,1,4
132,132,2,3,2,0,3,0
133,133,2,3,2,0,3,1
134,134,2,3,2,0,3,2
135,135,2,3,2,0,4,0
136,136,2,3,2,0,4,1
137,137,2,3,2,0,5,0
138,138,2,3,2,1,0,2
139,139,2,3,2,1,0,3
140,140,2,3,2,1,0,4
141,141,2,3,2,1,0,5
142,142,2,3,2,1,1,1
143,143,2,3,2,1,1,2
144,144,2,3,2,1,1,3
145,145,2,3,2,1,1,4
146,146,2,3,2,1,3,0
147,147,2,3,2,1,3,1
148,148,2,3,2,1,3,2
149,149,2,3,2,1,4,0
150,150,2,3,2,1,4,1
151,151,2,3,2,1,5,0
152,152,2,3,2,2,0,2
153,153,2,3,2,2,0,3
154,154,2,3,2,2,0,4
155,155,2,3,2,2,0,5
156,156,2,3,2,2,1,1
157,157,2,3,2,2,1,2
158,158,2,3,2,2,1,3
159,159,2,3,2,2,1,4
160,160,2,3,2,2,3,0
161,161,2,3,2,2,3,1
162,162,2,3,2,2,3,2
163,163,2,3,2,2,4,0
164,164,2,3,2,2,4,1
165,165,2,3,2,2,5,0
166,166,3,0,2,0,0,5
167,167,3,0,2,0,1,4
168,168,3,0,2,0,2,3
169,169,3,0,2,0,3,2
170,170,3,0,2,0,4,1
171,171,3,1,3,0,0,5
172,172,3,1,3,0,1,4
173,173,3,1,3,0,2,3
174,174,3,1,3,0,4,1
175,175,3,1,3,0,5,0
176,176,4,0,2,0,0,5
177,177,4,0,2,0,1,4
178,178,4,0,2,0,2,3
179,179,4,0,2,0,3,2
180,180,4,0,2,0,4,1
181,181,4,0,3,0,0,5
182,182,4,0,3,0,1,4
183,183,4,0,3,0,2,3
184,184,4,0,3,0,3,2
185,185,4,0,3,0,4,1
186,186,4,1,4,0,0,2
187,187,4,1,4,0,0,3
188,188,4,1,4,0,0,4
189,189,4,1,4,0,0,5
190,190,4,1,4,0,1,1
191,191,4,1,4,0,1,2
192,192,4,1,4,0,1,3
193,193,4,1,4,0,1,4
194,194,4,1,4,0,2,0
195,195,4,1,4,0,2,1
196,196,4,1,4,0,2,2
197,197,4,1,4,0,2,3
198,198,4,1,4,0,3,0
199,199,4,1,4,0,3,1
200,200,4,1,4,0,3,2
201,201,4,1,4,0,5,0
202,202,5,0,2,0,0,2
203,203,5,0,2,0,0,3
204,204,5,0,2,0,0,4
205,205,5,0,2,0,0,5
206,206,5,0,2,0,1,1
207,207,5,0,2,0,1,2
208,208,5,0,2,0,1,3
209,209,5,0,2,0,1,4
210,210,5,0,2,0,2,1
211,211,5,0,2,0,2,2
212,212,5,0,2,0,2,3
213,213,5,0,2,0,3,1
214,214,5,0,2,0,3,2
215,215,5,0,2,0,4,1
216,216,5,0,3,0,0,2
217,217,5,0,3,0,0,3
218,218,5,0,3,0,0,4
219,219,5,0,3,0,0,5
220,220,5,0,3,0,1,1
221,221,5,0,3,0,1,2
222,222,5,0,3,0,1,3
223,223,5,0,3,0,1,4
224,224,5,0,3,0,2,1
225,225,5,0,3,0,2,2
226,226,5,0,3,0,2,3
227,227,5,0,3,0,3,1
228,228,5,0,3,0,3,2
229,229,5,0,3,0,4,1
230,230,5,0,4,0,0,2
231,231,5,0,4,0,0,3
232,232,5,0,4,0,0,4
233,233,5,0,4,0,0,5
234,234,5,0,4,0,1,1
235,235,5,0,4,0,1,2
236,236,5,0,4,0,1,3
237,237,5,0,4,0,1,4
238,238,5,0,4,0,2,1
239,239,5,0,4,0,2,2
240,240,5,0,4,0,2,3
241,241,5,0,4,0,3,1
242,242,5,0,4,0,3,2
243,243,5,0,4,0,4,1
