0,0,0,0,1,0,2
1,0,0,0,1,1,0
2,0,0,0,1,1,1
3,0,0,0,1,1,2
4,0,0,0,1,2,0
5,0,0,0,1,2,1
6,0,0,0,2,0,1
7,0,0,0,2,1,0
8,0,0,0,2,1,1
9,0,0,0,2,1,2
10,0,0,0,2,2,0
11,0,0,0,2,2,1
12,0,0,1,0,0,1
13,0,0,1,0,0,2
14,0,0,1,0,1,1
15,0,0,1,0,1,2
16,0,0,1,0,2,0
17,0,0,1,0,2,1
18,0,0,1,1,0,1
19,0,0,1,1,0,2
20,0,0,1,1,1,0
21,0,0,1,1,1,2
22,0,0,1,1,2,0
23,0,0,1,1,2,1
24,0,0,1,2,0,1
25,0,0,1,2,0,2
26,0,0,1,2,1,0
27,0,0,1,2,1,1
28,0,0,1,2,2,0
29,0,0,1,2,2,1
30,0,0,2,0,0,1
31,0,0,2,0,0,2
32,0,0,2,0,1,0
33,0,0,2,0,1,1
34,0,0,2,0,1,2
35,0,0,2,0,2,1
36,0,0,2,1,0,1
37,0,0,2,1,0,2
38,0,0,2,1,1,0
39,0,0,2,1,1,1
40,0,0,2,1,1,2
41,0,0,2,1,2,0
42,0,1,0,0,0,1
43,0,1,0,0,0,2
44,0,1,0,0,1,1
45,0,1,0,0,1,2
46,0,1,0,0,2,0
47,0,1,0,0,2,1
48,0,1,0,1,0,0
49,0,1,0,1,0,2
50,0,1,0,1,1,1
51,0,1,0,1,1,2
52,0,1,0,1,2,0
53,0,1,0,1,2,1
54,0,1,0,2,0,0
55,0,1,0,2,0,1
56,0,1,0,2,1,1
57,0,1,0,2,1,2
58,0,1,0,2,2,0
59,0,1,0,2,2,1
60,0,1,1,1,0,0
61,0,1,1,1,0,1
62,0,1,1,1,0,2
63,0,1,1,1,1,2
64,0,1,1,1,2,0
65,0,1,1,1,2,1
66,0,1,1,2,0,0
67,0,1,1,2,0,1
68,0,1,1,2,0,2
69,0,1,1,2,1,1
70,0,1,1,2,2,0
71,0,1,1,2,2,1
72,0,1,2,0,0,0
73,0,1,2,0,0,1
74,0,1,2,0,0,2
75,0,1,2,0,1,1
76,0,1,2,0,1,2
77,0,1,2,0,2,1
78,0,1,2,1,0,0
79,0,1,2,1,0,1
80,0,1,2,1,0,2
81,0,1,2,1,1,1
82,0,1,2,1,1,2
83,0,1,2,1,2,0
84,0,2,0,0,0,1
85,0,2,0,0,0,2
86,0,2,0,0,1,0
87,0,2,0,0,1,1
88,0,2,0,0,1,2
89,0,2,0,0,2,1
90,0,2,0,1,0,0
91,0,2,0,1,0,2
92,0,2,0,1,1,0
93,0,2,0,1,1,1
94,0,2,0,1,1,2
95,0,2,0,1,2,1
96,0,2,0,2,0,0
97,0,2,0,2,0,1
98,0,2,0,2,1,0
99,0,2,0,2,1,1
100,0,2,0,2,1,2
101,0,2,0,2,2,1
102,0,2,1,0,0,0
103,0,2,1,0,0,1
104,0,2,1,0,0,2
105,0,2,1,0,1,1
106,0,2,1,0,1,2
107,0,2,1,0,2,1
108,0,2,1,1,0,0
109,0,2,1,1,0,1
110,0,2,1,1,0,2
111,0,2,1,1,1,0
112,0,2,1,1,1,2
113,0,2,1,1,2,1
114,0,2,1,2,0,0
115,0,2,1,2,0,1
116,0,2,1,2,0,2
117,0,2,1,2,1,0
118,0,2,1,2,1,1
119,0,2,1,2,2,1
120,0,2,2,1,0,0
121,0,2,2,1,0,1
122,0,2,2,1,0,2
123,0,2,2,1,1,0
124,0,2,2,1,1,1
125,0,2,2,1,1,2
126,1,0,0,0,0,2
127,1,0,0,0,1,0
128,1,0,0,0,1,1
129,1,0,0,0,1,2
130,1,0,0,0,2,0
131,1,0,0,0,2,1
132,1,0,0,2,0,0
133,1,0,0,2,1,0
134,1,0,0,2,1,1
135,1,0,0,2,1,2
136,1,0,0,2,2,0
137,1,0,0,2,2,1
138,1,0,1,0,0,0
139,1,0,1,0,0,2
140,1,0,1,0,1,1
141,1,0,1,0,1,2
142,1,0,1,0,2,0
143,1,0,1,0,2,1
144,1,0,1,1,0,0
145,1,0,1,1,0,2
146,1,0,1,1,1,0
147,1,0,1,1,1,2
148,1,0,1,1,2,0
149,1,0,1,1,2,1
150,1,0,1,2,0,0
151,1,0,1,2,0,2
152,1,0,1,2,1,0
153,1,0,1,2,1,1
154,1,0,1,2,2,0
155,1,0,1,2,2,1
156,1,0,2,0,0,0
157,1,0,2,0,0,2
158,1,0,2,0,1,0
159,1,0,2,0,1,1
160,1,0,2,0,1,2
161,1,0,2,0,2,1
162,1,0,2,1,0,0
163,1,0,2,1,0,2
164,1,0,2,1,1,0
165,1,0,2,1,1,1
166,1,0,2,1,1,2
167,1,0,2,1,2,0
168,1,1,0,0,0,1
169,1,1,0,0,0,2
170,1,1,0,0,1,0
171,1,1,0,0,1,2
172,1,1,0,0,2,0
173,1,1,0,0,2,1
174,1,1,0,1,0,0
175,1,1,0,1,0,2
176,1,1,0,1,1,0
177,1,1,0,1,1,2
178,1,1,0,1,2,0
179,1,1,0,1,2,1
180,1,1,0,2,0,0
181,1,1,0,2,0,1
182,1,1,0,2,1,0
183,1,1,0,2,1,2
184,1,1,0,2,2,0
185,1,1,0,2,2,1
186,1,1,1,0,0,0
187,1,1,1,0,0,1
188,1,1,1,0,0,2
189,1,1,1,0,1,2
190,1,1,1,0,2,0
191,1,1,1,0,2,1
192,1,1,1,2,0,0
193,1,1,1,2,0,1
194,1,1,1,2,0,2
195,1,1,1,2,1,0
196,1,1,1,2,2,0
197,1,1,1,2,2,1
198,1,1,2,0,0,0
199,1,1,2,0,0,1
200,1,1,2,0,0,2
201,1,1,2,0,1,0
202,1,1,2,0,1,2
203,1,1,2,0,2,1
204,1,1,2,1,0,0
205,1,1,2,1,0,1
206,1,1,2,1,0,2
207,1,1,2,1,1,0
208,1,1,2,1,1,2
209,1,1,2,1,2,0
210,1,2,0,0,0,1
211,1,2,0,0,0,2
212,1,2,0,0,1,0
213,1,2,0,0,1,1
214,1,2,0,0,1,2
215,1,2,0,0,2,0
216,1,2,0,1,0,0
217,1,2,0,1,0,2
218,1,2,0,1,1,0
219,1,2,0,1,1,1
220,1,2,0,1,1,2
221,1,2,0,1,2,0
222,1,2,0,2,0,0
223,1,2,0,2,0,1
224,1,2,0,2,1,0
225,1,2,0,2,1,1
226,1,2,0,2,1,2
227,1,2,0,2,2,0
228,1,2,1,0,0,0
229,1,2,1,0,0,1
230,1,2,1,0,0,2
231,1,2,1,0,1,1
232,1,2,1,0,1,2
233,1,2,1,0,2,0
234,1,2,1,1,0,0
235,1,2,1,1,0,1
236,1,2,1,1,0,2
237,1,2,1,1,1,0
238,1,2,1,1,1,2
239,1,2,1,1,2,0
240,1,2,1,2,0,0
241,1,2,1,2,0,1
242,1,2,1,2,0,2
243,1,2,1,2,1,0
244,1,2,1,2,1,1
245,1,2,1,2,2,0
246,1,2,2,0,0,0
247,1,2,2,0,0,1
248,1,2,2,0,0,2
249,1,2,2,0,1,0
250,1,2,2,0,1,1
251,1,2,2,0,1,2
252,2,0,0,0,0,1
253,2,0,0,0,1,0
254,2,0,0,0,1,1
255,2,0,0,0,1,2
256,2,0,0,0,2,0
257,2,0,0,0,2,1
258,2,0,0,1,0,0
259,2,0,0,1,1,0
260,2,0,0,1,1,1
261,2,0,0,1,1,2
262,2,0,0,1,2,0
263,2,0,0,1,2,1
264,2,0,1,0,0,0
265,2,0,1,0,0,1
266,2,0,1,0,1,1
267,2,0,1,0,1,2
268,2,0,1,0,2,0
269,2,0,1,0,2,1
270,2,0,1,1,0,0
271,2,0,1,1,0,1
272,2,0,1,1,1,0
273,2,0,1,1,1,2
274,2,0,1,1,2,0
275,2,0,1,1,2,1
276,2,0,1,2,0,0
277,2,0,1,2,0,1
278,2,0,1,2,1,0
279,2,0,1,2,1,1
280,2,0,1,2,2,0
281,2,0,1,2,2,1
282,2,0,2,0,0,0
283,2,0,2,0,0,1
284,2,0,2,0,1,0
285,2,0,2,0,1,1
286,2,0,2,0,1,2
287,2,0,2,0,2,1
288,2,0,2,1,0,0
289,2,0,2,1,0,1
290,2,0,2,1,1,0
291,2,0,2,1,1,1
292,2,0,2,1,1,2
293,2,0,2,1,2,0
294,2,1,0,0,0,1
295,2,1,0,0,0,2
296,2,1,0,0,1,0
297,2,1,0,0,1,1
298,2,1,0,0,2,0
299,2,1,0,0,2,1
300,2,1,0,1,0,0
301,2,1,0,1,0,2
302,2,1,0,1,1,0
303,2,1,0,1,1,1
304,2,1,0,1,2,0
305,2,1,0,1,2,1
306,2,1,0,2,0,0
307,2,1,0,2,0,1
308,2,1,0,2,1,0
309,2,1,0,2,1,1
310,2,1,0,2,2,0
311,2,1,0,2,2,1
312,2,1,1,0,0,0
313,2,1,1,0,0,1
314,2,1,1,0,0,2
315,2,1,1,0,1,1
316,2,1,1,0,2,0
317,2,1,1,0,2,1
318,2,1,1,1,0,0
319,2,1,1,1,0,1
320,2,1,1,1,0,2
321,2,1,1,1,1,0
322,2,1,1,1,2,0
323,2,1,1,1,2,1
324,2,1,2,0,0,0
325,2,1,2,0,0,1
326,2,1,2,0,0,2
327,2,1,2,0,1,0
328,2,1,2,0,1,1
329,2,1,2,0,2,1
330,2,1,2,1,0,0
331,2,1,2,1,0,1
332,2,1,2,1,0,2
333,2,1,2,1,1,0
334,2,1,2,1,1,1
335,2,1,2,1,2,0
