0,0,0,2,0,3,0,5
1,1,0,2,0,3,1,4
2,2,0,2,0,3,2,3
3,3,0,2,0,3,3,2
4,4,0,2,0,3,4,1
5,5,0,2,0,3,5,0
6,6,0,2,0,4,0,5
7,7,0,2,0,4,1,4
8,8,0,2,0,4,2,3
9,9,0,2,0,4,3,2
10,10,0,2,0,4,4,1
11,11,0,2,0,4,5,0
12,12,0,2,0,5,0,3
13,13,0,2,0,5,0,4
14,14,0,2,0,5,1,1
15,15,0,2,0,5,1,2
16,16,0,2,0,5,1,3
17,17,0,2,0,5,1,4
18,18,0,2,0,5,2,0
19,19,0,2,0,5,2,1
20,20,0,2,0,5,2,2
21,21,0,2,0,5,2,3
22,22,0,2,0,5,3,0
23,23,0,2,0,5,3,1
24,24,0,2,0,5,3,2
25,25,0,2,0,5,4,0
26,26,0,2,0,5,4,1
27,27,0,2,0,5,5,0
28,28,0,2,1,1,0,5
29,29,0,2,1,1,1,4
30,30,0,2,1,1,2,3
31,31,0,2,1,1,3,2
32,32,0,2,1,1,4,1
33,33,0,2,1,1,5,0
34,34,0,2,1,2,0,5
35,35,0,2,1,2,1,4
36,36,0,2,1,2,2,3
37,37,0,2,1,2,3,2
38,38,0,2,1,2,4,1
39,39,0,2,1,2,5,0
40,40,0,2,1,3,0,5
41,41,0,2,1,3,1,4
42,42,0,2,1,3,2,3
43,43,0,2,1,3,3,2
44,44,0,2,1,3,4,1
45,45,0,2,1,3,5,0
46,46,0,2,1,4,0,3
47,47,0,2,1,4,0,4
48,48,0,2,1,4,0,5
49,49,0,2,1,4,1,1
50,50,0,2,1,4,1,2
51,51,0,2,1,4,1,3
52,52,0,2,1,4,2,0
53,53,0,2,1,4,2,1
54,54,0,2,1,4,2,2
55,55,0,2,1,4,2,3
56,56,0,2,1,4,3,0
57,57,0,2,1,4,3,1
58,58,0,2,1,4,3,2
59,59,0,2,1,4,4,0
60,60,0,2,1,4,4,1
61,61,0,2,1,4,5,0
62,62,0,2,2,0,0,5
63,63,0,2,2,0,1,4
64,64,0,2,2,0,2,3
65,65,0,2,2,0,3,2
66,66,0,2,2,0,4,1
67,67,0,2,2,0,5,0
68,68,0,2,2,1,0,5
69,69,0,2,2,1,1,4
70,70,0,2,2,1,2,3
71,71,0,2,2,1,3,2
72,72,0,2,2,1,4,1
73,73,0,2,2,1,5,0
74,74,0,2,2,2,0,5
75,75,0,2,2,2,1,4
76,76,0,2,2,2,2,3
77,77,0,2,2,2,3,2
78,78,0,2,2,2,4,1
79,79,0,2,2,2,5,0
80,80,0,2,2,3,0,3
81,81,0,2,2,3,0,4
82,82,0,2,2,3,0,5
83,83,0,2,2,3,1,1
84,84,0,2,2,3,1,2
85,85,0,2,2,3,1,3
86,86,0,2,2,3,1,4
87,87,0,2,2,3,2,0
88,88,0,2,2,3,2,1
89,89,0,2,2,3,2,2
90,90,0,2,2,3,3,0
91,91,0,2,2,3,3,1
92,92,0,2,2,3,3,2
93,93,0,2,2,3,4,0
94,94,0,2,2,3,4,1
95,95,0,2,2,3,5,0
96,96,0,2,3,0,0,5
97,97,0,2,3,0,1,4
98,98,0,2,3,0,2,3
99,99,0,2,3,0,3,2
100,100,0,2,3,0,4,1
101,101,0,2,3,0,5,0
102,102,0,2,3,1,0,5
103,103,0,2,3,1,1,4
104,104,0,2,3,1,2,3
105,105,0,2,3,1,3,2
106,106,0,2,3,1,4,1
107,107,0,2,3,1,5,0
108,108,0,2,3,2,0,3
109,109,0,2,3,2,0,4
110,110,0,2,3,2,0,5
111,111,0,2,3,2,1,1
112,112,0,2,3,2,1,2
113,113,0,2,3,2,1,3
114,114,0,2,3,2,1,4
115,115,0,2,3,2,2,0
116,116,0,2,3,2,2,1
117,117,0,2,3,2,2,2
118,118,0,2,3,2,2,3
119,119,0,2,3,2,3,0
120,120,0,2,3,2,3,1
121,121,0,2,3,2,4,0
122,122,0,2,3,2,4,1
123,123,0,2,3,2,5,0
124,124,0,2,4,0,0,5
125,125,0,2,4,0,1,4
126,126,0,2,4,0,2,3
127,127,0,2,4,0,3,2
128,128,0,2,4,0,4,1
129,129,0,2,4,0,5,0
130,130,0,2,4,1,0,3
131,131,0,2,4,1,0,4
132,132,0,2,4,1,0,5
133,133,0,2,4,1,1,1
134,134,0,2,4,1,1,2
135,135,0,2,4,1,1,3
136,136,0,2,4,1,1,4
137,137,0,2,4,1,2,0
138,138,0,2,4,1,2,1
139,139,0,2,4,1,2,2
140,140,0,2,4,1,2,3
141,141,0,2,4,1,3,0
142,142,0,2,4,1,3,1
143,143,0,2,4,1,3,2
144,144,0,2,4,1,4,0
145,145,0,2,4,1,5,0
146,146,0,2,5,0,0,3
147,147,0,2,5,0,0,4
148,148,0,2,5,0,0,5
149,149,0,2,5,0,1,1
150,150,0,2,5,0,1,2
151,151,0,2,5,0,1,3
152,152,0,2,5,0,1,4
153,153,0,2,5,0,2,0
154,154,0,2,5,0,2,1
155,155,0,2,5,0,2,2
156,156,0,2,5,0,2,3
157,157,0,2,5,0,3,0
158,158,0,2,5,0,3,1
159,159,0,2,5,0,3,2
160,160,0,2,5,0,4,0
161,161,0,2,5,0,4,1
162,162,0,3,0,2,0,5
163,163,0,3,0,2,1,4
164,164,0,3,0,2,2,3
165,165,0,3,0,2,3,2
166,166,0,3,0,2,4,1
167,167,0,3,0,2,5,0
168,168,0,3,0,4,0,5
169,169,0,3,0,4,1,4
170,170,0,3,0,4,2,3
171,171,0,3,0,4,3,2
172,172,0,3,0,4,4,1
173,173,0,3,0,4,5,0
174,174,0,3,0,5,0,2
175,175,0,3,0,5,0,4
176,176,0,3,0,5,1,1
177,177,0,3,0,5,1,2
178,178,0,3,0,5,1,3
179,179,0,3,0,5,1,4
180,180,0,3,0,5,2,0
181,181,0,3,0,5,2,1
182,182,0,3,0,5,2,2
183,183,0,3,0,5,2,3
184,184,0,3,0,5,3,0
185,185,0,3,0,5,3,1
186,186,0,3,0,5,3,2
187,187,0,3,0,5,4,0
188,188,0,3,0,5,4,1
189,189,0,3,0,5,5,0
190,190,0,3,1,1,0,5
191,191,0,3,1,1,1,4
192,192,0,3,1,1,2,3
193,193,0,3,1,1,3,2
194,194,0,3,1,1,4,1
195,195,0,3,1,1,5,0
196,196,0,3,1,2,0,5
197,197,0,3,1,2,1,4
198,198,0,3,1,2,2,3
199,199,0,3,1,2,3,2
200,200,0,3,1,2,4,1
201,201,0,3,1,2,5,0
202,202,0,3,1,3,0,5
203,203,0,3,1,3,1,4
204,204,0,3,1,3,2,3
205,205,0,3,1,3,3,2
206,206,0,3,1,3,4,1
207,207,0,3,1,3,5,0
208,208,0,3,1,4,0,2
209,209,0,3,1,4,0,4
210,210,0,3,1,4,0,5
211,211,0,3,1,4,1,1
212,212,0,3,1,4,1,2
213,213,0,3,1,4,1,3
214,214,0,3,1,4,2,0
215,215,0,3,1,4,2,1
216,216,0,3,1,4,2,2
217,217,0,3,1,4,2,3
218,218,0,3,1,4,3,0
219,219,0,3,1,4,3,1
220,220,0,3,1,4,3,2
221,221,0,3,1,4,4,0
222,222,0,3,1,4,4,1
223,223,0,3,1,4,5,0
224,224,0,3,2,0,0,5
225,225,0,3,2,0,1,4
226,226,0,3,2,0,2,3
227,227,0,3,2,0,3,2
228,228,0,3,2,0,4,1
229,229,0,3,2,0,5,0
230,230,0,3,2,1,0,5
231,231,0,3,2,1,1,4
232,232,0,3,2,1,2,3
233,233,0,3,2,1,3,2
234,234,0,3,2,1,4,1
235,235,0,3,2,1,5,0
236,236,0,3,2,2,0,5
237,237,0,3,2,2,1,4
238,238,0,3,2,2,2,3
239,239,0,3,2,2,3,2
240,240,0,3,2,2,4,1
241,241,0,3,2,2,5,0
242,242,0,3,2,3,0,2
243,243,0,3,2,3,0,4
244,244,0,3,2,3,0,5
245,245,0,3,2,3,1,1
246,246,0,3,2,3,1,2
247,247,0,3,2,3,1,3
248,248,0,3,2,3,1,4
249,249,0,3,2,3,2,0
250,250,0,3,2,3,2,1
251,251,0,3,2,3,2,2
252,252,0,3,2,3,3,0
253,253,0,3,2,3,3,1
254,254,0,3,2,3,3,2
255,255,0,3,2,3,4,0
256,256,0,3,2,3,4,1
257,257,0,3,2,3,5,0
258,258,0,3,3,0,0,5
259,259,0,3,3,0,1,4
260,260,0,3,3,0,2,3
261,261,0,3,3,0,3,2
262,262,0,3,3,0,4,1
263,263,0,3,3,0,5,0
264,264,0,3,3,1,0,5
265,265,0,3,3,1,1,4
266,266,0,3,3,1,2,3
267,267,0,3,3,1,3,2
268,268,0,3,3,1,4,1
269,269,0,3,3,1,5,0
270,270,0,3,3,2,0,2
271,271,0,3,3,2,0,4
272,272,0,3,3,2,0,5
273,273,0,3,3,2,1,1
274,274,0,3,3,2,1,2
275,275,0,3,3,2,1,3
276,276,0,3,3,2,1,4
277,277,0,3,3,2,2,0
278,278,0,3,3,2,2,1
279,279,0,3,3,2,2,2
280,280,0,3,3,2,2,3
281,281,0,3,3,2,3,0
282,282,0,3,3,2,3,1
283,283,0,3,3,2,4,0
284,284,0,3,3,2,4,1
285,285,0,3,3,2,5,0
286,286,0,3,4,0,0,5
287,287,0,3,4,0,1,4
288,288,0,3,4,0,2,3
289,289,0,3,4,0,3,2
290,290,0,3,4,0,4,1
291,291,0,3,4,0,5,0
292,292,0,3,4,1,0,2
293,293,0,3,4,1,0,4
294,294,0,3,4,1,0,5
295,295,0,3,4,1,1,1
296,296,0,3,4,1,1,2
297,297,0,3,4,1,1,3
298,298,0,3,4,1,1,4
299,299,0,3,4,1,2,0
300,300,0,3,4,1,2,1
301,301,0,3,4,1,2,2
302,302,0,3,4,1,2,3
303,303,0,3,4,1,3,0
304,304,0,3,4,1,3,1
305,305,0,3,4,1,3,2
306,306,0,3,4,1,4,0
307,307,0,3,4,1,5,0
308,308,0,3,5,0,0,2
309,309,0,3,5,0,0,4
310,310,0,3,5,0,0,5
311,311,0,3,5,0,1,1
312,312,0,3,5,0,1,2
313,313,0,3,5,0,1,3
314,314,0,3,5,0,1,4
315,315,0,3,5,0,2,0
316,316,0,3,5,0,2,1
317,317,0,3,5,0,2,2
318,318,0,3,5,0,2,3
319,319,0,3,5,0,3,0
320,320,0,3,5,0,3,1
321,321,0,3,5,0,3,2
322,322,0,3,5,0,4,0
323,323,0,3,5,0,4,1
324,324,0,4,0,2,0,5
325,325,0,4,0,2,1,4
326,326,0,4,0,2,2,3
327,327,0,4,0,2,3,2
328,328,0,4,0,2,4,1
329,329,0,4,0,2,5,0
330,330,0,4,0,3,0,5
331,331,0,4,0,3,1,4
332,332,0,4,0,3,2,3
333,333,0,4,0,3,3,2
334,334,0,4,0,3,4,1
335,335,0,4,0,3,5,0
336,336,0,4,0,5,0,2
337,337,0,4,0,5,0,3
338,338,0,4,0,5,1,1
339,339,0,4,0,5,1,2
340,340,0,4,0,5,1,3
341,341,0,4,0,5,1,4
342,342,0,4,0,5,2,0
343,343,0,4,0,5,2,1
344,344,0,4,0,5,2,2
345,345,0,4,0,5,2,3
346,346,0,4,0,5,3,0
347,347,0,4,0,5,3,1
348,348,0,4,0,5,3,2
349,349,0,4,0,5,4,0
350,350,0,4,0,5,4,1
351,351,0,4,0,5,5,0
352,352,0,4,1,1,0,5
353,353,0,4,1,1,1,4
354,354,0,4,1,1,2,3
355,355,0,4,1,1,3,2
356,356,0,4,1,1,4,1
357,357,0,4,1,1,5,0
358,358,0,4,1,2,0,5
359,359,0,4,1,2,1,4
360,360,0,4,1,2,2,3
361,361,0,4,1,2,3,2
362,362,0,4,1,2,4,1
363,363,0,4,1,2,5,0
364,364,0,4,1,3,0,5
365,365,0,4,1,3,1,4
366,366,0,4,1,3,2,3
367,367,0,4,1,3,3,2
368,368,0,4,1,3,4,1
369,369,0,4,1,3,5,0
370,370,0,4,1,4,0,2
371,371,0,4,1,4,0,3
372,372,0,4,1,4,0,5
373,373,0,4,1,4,1,1
374,374,0,4,1,4,1,2
375,375,0,4,1,4,1,3
376,376,0,4,1,4,2,0
377,377,0,4,1,4,2,1
378,378,0,4,1,4,2,2
379,379,0,4,1,4,2,3
380,380,0,4,1,4,3,0
381,381,0,4,1,4,3,1
382,382,0,4,1,4,3,2
383,383,0,4,1,4,4,0
384,384,0,4,1,4,4,1
385,385,0,4,1,4,5,0
386,386,0,4,2,0,0,5
387,387,0,4,2,0,1,4
388,388,0,4,2,0,2,3
389,389,0,4,2,0,3,2
390,390,0,4,2,0,4,1
391,391,0,4,2,0,5,0
392,392,0,4,2,1,0,5
393,393,0,4,2,1,1,4
394,394,0,4,2,1,2,3
395,395,0,4,2,1,3,2
396,396,0,4,2,1,4,1
397,397,0,4,2,1,5,0
398,398,0,4,2,2,0,5
399,399,0,4,2,2,1,4
400,400,0,4,2,2,2,3
401,401,0,4,2,2,3,2
402,402,0,4,2,2,4,1
403,403,0,4,2,2,5,0
404,404,0,4,2,3,0,2
405,405,0,4,2,3,0,3
406,406,0,4,2,3,0,5
407,407,0,4,2,3,1,1
408,408,0,4,2,3,1,2
409,409,0,4,2,3,1,3
410,410,0,4,2,3,1,4
411,411,0,4,2,3,2,0
412,412,0,4,2,3,2,1
413,413,0,4,2,3,2,2
414,414,0,4,2,3,3,0
415,415,0,4,2,3,3,1
416,416,0,4,2,3,3,2
417,417,0,4,2,3,4,0
418,418,0,4,2,3,4,1
419,419,0,4,2,3,5,0
420,420,0,4,3,0,0,5
421,421,0,4,3,0,1,4
422,422,0,4,3,0,2,3
423,423,0,4,3,0,3,2
424,424,0,4,3,0,4,1
425,425,0,4,3,0,5,0
426,426,0,4,3,1,0,5
427,427,0,4,3,1,1,4
428,428,0,4,3,1,2,3
429,429,0,4,3,1,3,2
430,430,0,4,3,1,4,1
431,431,0,4,3,1,5,0
432,432,0,4,3,2,0,2
433,433,0,4,3,2,0,3
434,434,0,4,3,2,0,5
435,435,0,4,3,2,1,1
436,436,0,4,3,2,1,2
437,437,0,4,3,2,1,3
438,438,0,4,3,2,1,4
439,439,0,4,3,2,2,0
440,440,0,4,3,2,2,1
441,441,0,4,3,2,2,2
442,442,0,4,3,2,2,3
443,443,0,4,3,2,3,0
444,444,0,4,3,2,3,1
445,445,0,4,3,2,4,0
446,446,0,4,3,2,4,1
447,447,0,4,3,2,5,0
448,448,0,4,4,0,0,5
449,449,0,4,4,0,1,4
450,450,0,4,4,0,2,3
451,451,0,4,4,0,3,2
452,452,0,4,4,0,4,1
453,453,0,4,4,0,5,0
454,454,0,4,4,1,0,2
455,455,0,4,4,1,0,3
456,456,0,4,4,1,0,5
457,457,0,4,4,1,1,1
458,458,0,4,4,1,1,2
459,459,0,4,4,1,1,3
460,460,0,4,4,1,1,4
461,461,0,4,4,1,2,0
462,462,0,4,4,1,2,1
463,463,0,4,4,1,2,2
464,464,0,4,4,1,2,3
465,465,0,4,4,1,3,0
466,466,0,4,4,1,3,1
467,467,0,4,4,1,3,2
468,468,0,4,4,1,4,0
469,469,0,4,4,1,5,0
470,470,0,4,5,0,0,2
471,471,0,4,5,0,0,3
472,472,0,4,5,0,0,5
473,473,0,4,5,0,1,1
474,474,0,4,5,0,1,2
475,475,0,4,5,0,1,3
476,476,0,4,5,0,1,4
477,477,0,4,5,0,2,0
478,478,0,4,5,0,2,1
479,479,0,4,5,0,2,2
480,480,0,4,5,0,2,3
481,481,0,4,5,0,3,0
482,482,0,4,5,0,3,1
483,483,0,4,5,0,3,2
484,484,0,4,5,0,4,0
485,485,0,4,5,0,4,1
486,486,0,5,0,2,0,3
487,487,0,5,0,2,0,4
488,488,0,5,0,2,1,1
489,489,0,5,0,2,1,2
490,490,0,5,0,2,1,3
491,491,0,5,0,2,1,4
492,492,0,5,0,2,2,0
493,493,0,5,0,2,2,1
494,494,0,5,0,2,2,2
495,495,0,5,0,2,2,3
496,496,0,5,0,2,3,0
497,497,0,5,0,2,3,1
498,498,0,5,0,2,3,2
499,499,0,5,0,2,4,0
500,500,0,5,0,2,4,1
501,501,0,5,0,2,5,0
502,502,0,5,0,3,0,2
503,503,0,5,0,3,0,4
504,504,0,5,0,3,1,1
505,505,0,5,0,3,1,2
506,506,0,5,0,3,1,3
507,507,0,5,0,3,1,4
508,508,0,5,0,3,2,0
509,509,0,5,0,3,2,1
510,510,0,5,0,3,2,2
511,511,0,5,0,3,2,3
512,512,0,5,0,3,3,0
513,513,0,5,0,3,3,1
514,514,0,5,0,3,3,2
515,515,0,5,0,3,4,0
516,516,0,5,0,3,4,1
517,517,0,5,0,3,5,0
518,518,0,5,0,4,0,2
519,519,0,5,0,4,0,3
520,520,0,5,0,4,1,1
521,521,0,5,0,4,1,2
522,522,0,5,0,4,1,3
523,523,0,5,0,4,1,4
524,524,0,5,0,4,2,0
525,525,0,5,0,4,2,1
526,526,0,5,0,4,2,2
527,527,0,5,0,4,2,3
528,528,0,5,0,4,3,0
529,529,0,5,0,4,3,1
530,530,0,5,0,4,3,2
531,531,0,5,0,4,4,0
532,532,0,5,0,4,4,1
533,533,0,5,0,4,5,0
534,534,0,5,1,1,0,2
535,535,0,5,1,1,0,3
536,536,0,5,1,1,0,4
537,537,0,5,1,1,1,2
538,538,0,5,1,1,1,3
539,539,0,5,1,1,1,4
540,540,0,5,1,1,2,0
541,541,0,5,1,1,2,1
542,542,0,5,1,1,2,2
543,543,0,5,1,1,2,3
544,544,0,5,1,1,3,0
545,545,0,5,1,1,3,1
546,546,0,5,1,1,3,2
547,547,0,5,1,1,4,0
548,548,0,5,1,1,4,1
549,549,0,5,1,1,5,0
550,550,0,5,1,2,0,2
551,551,0,5,1,2,0,3
552,552,0,5,1,2,0,4
553,553,0,5,1,2,1,1
554,554,0,5,1,2,1,3
555,555,0,5,1,2,1,4
556,556,0,5,1,2,2,0
557,557,0,5,1,2,2,1
558,558,0,5,1,2,2,2
559,559,0,5,1,2,2,3
560,560,0,5,1,2,3,0
561,561,0,5,1,2,3,1
562,562,0,5,1,2,3,2
563,563,0,5,1,2,4,0
564,564,0,5,1,2,4,1
565,565,0,5,1,2,5,0
566,566,0,5,1,3,0,2
567,567,0,5,1,3,0,3
568,568,0,5,1,3,0,4
569,569,0,5,1,3,1,1
570,570,0,5,1,3,1,2
571,571,0,5,1,3,1,4
572,572,0,5,1,3,2,0
573,573,0,5,1,3,2,1
574,574,0,5,1,3,2,2
575,575,0,5,1,3,2,3
576,576,0,5,1,3,3,0
577,577,0,5,1,3,3,1
578,578,0,5,1,3,3,2
579,579,0,5,1,3,4,0
580,580,0,5,1,3,4,1
581,581,0,5,1,3,5,0
582,582,0,5,1,4,0,2
583,583,0,5,1,4,0,3
584,584,0,5,1,4,0,4
585,585,0,5,1,4,1,1
586,586,0,5,1,4,1,2
587,587,0,5,1,4,1,3
588,588,0,5,1,4,2,0
589,589,0,5,1,4,2,1
590,590,0,5,1,4,2,2
591,591,0,5,1,4,2,3
592,592,0,5,1,4,3,0
593,593,0,5,1,4,3,1
594,594,0,5,1,4,3,2
595,595,0,5,1,4,4,0
596,596,0,5,1,4,4,1
597,597,0,5,1,4,5,0
598,598,0,5,2,0,0,2
599,599,0,5,2,0,0,3
600,600,0,5,2,0,0,4
601,601,0,5,2,0,1,1
602,602,0,5,2,0,1,2
603,603,0,5,2,0,1,3
604,604,0,5,2,0,1,4
605,605,0,5,2,0,2,1
606,606,0,5,2,0,2,2
607,607,0,5,2,0,2,3
608,608,0,5,2,0,3,0
609,609,0,5,2,0,3,1
610,610,0,5,2,0,3,2
611,611,0,5,2,0,4,0
612,612,0,5,2,0,4,1
613,613,0,5,2,0,5,0
614,614,0,5,2,1,0,2
615,615,0,5,2,1,0,3
616,616,0,5,2,1,0,4
617,617,0,5,2,1,1,1
618,618,0,5,2,1,1,2
619,619,0,5,2,1,1,3
620,620,0,5,2,1,1,4
621,621,0,5,2,1,2,0
622,622,0,5,2,1,2,2
623,623,0,5,2,1,2,3
624,624,0,5,2,1,3,0
625,625,0,5,2,1,3,1
626,626,0,5,2,1,3,2
627,627,0,5,2,1,4,0
628,628,0,5,2,1,4,1
629,629,0,5,2,1,5,0
630,630,0,5,2,2,0,2
631,631,0,5,2,2,0,3
632,632,0,5,2,2,0,4
633,633,0,5,2,2,1,1
634,634,0,5,2,2,1,2
635,635,0,5,2,2,1,3
636,636,0,5,2,2,1,4
637,637,0,5,2,2,2,0
638,638,0,5,2,2,2,1
639,639,0,5,2,2,2,3
640,640,0,5,2,2,3,0
641,641,0,5,2,2,3,1
642,642,0,5,2,2,3,2
643,643,0,5,2,2,4,0
644,644,0,5,2,2,4,1
645,645,0,5,2,2,5,0
646,646,0,5,2,3,0,2
647,647,0,5,2,3,0,3
648,648,0,5,2,3,0,4
649,649,0,5,2,3,1,1
650,650,0,5,2,3,1,2
651,651,0,5,2,3,1,3
652,652,0,5,2,3,1,4
653,653,0,5,2,3,2,0
654,654,0,5,2,3,2,1
655,655,0,5,2,3,2,2
656,656,0,5,2,3,3,0
657,657,0,5,2,3,3,1
658,658,0,5,2,3,3,2
659,659,0,5,2,3,4,0
660,660,0,5,2,3,4,1
661,661,0,5,2,3,5,0
662,662,0,5,3,0,0,2
663,663,0,5,3,0,0,3
664,664,0,5,3,0,0,4
665,665,0,5,3,0,1,1
666,666,0,5,3,0,1,2
667,667,0,5,3,0,1,3
668,668,0,5,3,0,1,4
669,669,0,5,3,0,2,0
670,670,0,5,3,0,2,1
671,671,0,5,3,0,2,2
672,672,0,5,3,0,2,3
673,673,0,5,3,0,3,1
674,674,0,5,3,0,3,2
675,675,0,5,3,0,4,0
676,676,0,5,3,0,4,1
677,677,0,5,3,0,5,0
678,678,0,5,3,1,0,2
679,679,0,5,3,1,0,3
680,680,0,5,3,1,0,4
681,681,0,5,3,1,1,1
682,682,0,5,3,1,1,2
683,683,0,5,3,1,1,3
684,684,0,5,3,1,1,4
685,685,0,5,3,1,2,0
686,686,0,5,3,1,2,1
687,687,0,5,3,1,2,2
688,688,0,5,3,1,2,3
689,689,0,5,3,1,3,0
690,690,0,5,3,1,3,2
691,691,0,5,3,1,4,0
692,692,0,5,3,1,4,1
693,693,0,5,3,1,5,0
694,694,0,5,3,2,0,2
695,695,0,5,3,2,0,3
696,696,0,5,3,2,0,4
697,697,0,5,3,2,1,1
698,698,0,5,3,2,1,2
699,699,0,5,3,2,1,3
700,700,0,5,3,2,1,4
701,701,0,5,3,2,2,0
702,702,0,5,3,2,2,1
703,703,0,5,3,2,2,2
704,704,0,5,3,2,2,3
705,705,0,5,3,2,3,0
706,706,0,5,3,2,3,1
707,707,0,5,3,2,4,0
708,708,0,5,3,2,4,1
709,709,0,5,3,2,5,0
710,710,0,5,4,0,0,2
711,711,0,5,4,0,0,3
712,712,0,5,4,0,0,4
713,713,0,5,4,0,1,1
714,714,0,5,4,0,1,2
715,715,0,5,4,0,1,3
716,716,0,5,4,0,1,4
717,717,0,5,4,0,2,0
718,718,0,5,4,0,2,1
719,719,0,5,4,0,2,2
720,720,0,5,4,0,2,3
721,721,0,5,4,0,3,0
722,722,0,5,4,0,3,1
723,723,0,5,4,0,3,2
724,724,0,5,4,0,4,1
725,725,0,5,4,0,5,0
726,726,0,5,4,1,0,2
727,727,0,5,4,1,0,3
728,728,0,5,4,1,0,4
729,729,0,5,4,1,1,1
730,730,0,5,4,1,1,2
731,731,0,5,4,1,1,3
732,732,0,5,4,1,1,4
733,733,0,5,4,1,2,0
734,734,0,5,4,1,2,1
735,735,0,5,4,1,2,2
736,736,0,5,4,1,2,3
737,737,0,5,4,1,3,0
738,738,0,5,4,1,3,1
739,739,0,5,4,1,3,2
740,740,0,5,4,1,4,0
741,741,0,5,4,1,5,0
742,742,0,5,5,0,0,2
743,743,0,5,5,0,0,3
744,744,0,5,5,0,0,4
745,745,0,5,5,0,1,1
746,746,0,5,5,0,1,2
747,747,0,5,5,0,1,3
748,748,0,5,5,0,1,4
749,749,0,5,5,0,2,0
750,750,0,5,5,0,2,1
751,751,0,5,5,0,2,2
752,752,0,5,5,0,2,3
753,753,0,5,5,0,3,0
754,754,0,5,5,0,3,1
755,755,0,5,5,0,3,2
756,756,0,5,5,0,4,0
757,757,0,5,5,0,4,1
758,758,1,1,0,2,0,5
759,759,1,1,0,2,1,4
760,760,1,1,0,2,2,3
761,761,1,1,0,2,3,2
762,762,1,1,0,2,4,1
763,763,1,1,0,2,5,0
764,764,1,1,0,3,0,5
765,765,1,1,0,3,1,4
766,766,1,1,0,3,2,3
767,767,1,1,0,3,3,2
768,768,1,1,0,3,4,1
769,769,1,1,0,3,5,0
770,770,1,1,0,4,0,5
771,771,1,1,0,4,1,4
772,772,1,1,0,4,2,3
773,773,1,1,0,4,3,2
774,774,1,1,0,4,4,1
775,775,1,1,0,4,5,0
776,776,1,1,0,5,0,2
777,777,1,1,0,5,0,3
778,778,1,1,0,5,0,4
779,779,1,1,0,5,1,2
780,780,1,1,0,5,1,3
781,781,1,1,0,5,1,4
782,782,1,1,0,5,2,0
783,783,1,1,0,5,2,1
784,784,1,1,0,5,2,2
785,785,1,1,0,5,2,3
786,786,1,1,0,5,3,0
787,787,1,1,0,5,3,1
788,788,1,1,0,5,3,2
789,789,1,1,0,5,4,0
790,790,1,1,0,5,4,1
791,791,1,1,0,5,5,0
792,792,1,1,1,2,0,5
793,793,1,1,1,2,1,4
794,794,1,1,1,2,2,3
795,795,1,1,1,2,3,2
796,796,1,1,1,2,4,1
797,797,1,1,1,2,5,0
798,798,1,1,1,3,0,5
799,799,1,1,1,3,1,4
800,800,1,1,1,3,2,3
801,801,1,1,1,3,3,2
802,802,1,1,1,3,4,1
803,803,1,1,1,3,5,0
804,804,1,1,1,4,0,2
805,805,1,1,1,4,0,3
806,806,1,1,1,4,0,4
807,807,1,1,1,4,0,5
808,808,1,1,1,4,1,2
809,809,1,1,1,4,1,3
810,810,1,1,1,4,2,0
811,811,1,1,1,4,2,1
812,812,1,1,1,4,2,2
813,813,1,1,1,4,2,3
814,814,1,1,1,4,3,0
815,815,1,1,1,4,3,1
816,816,1,1,1,4,3,2
817,817,1,1,1,4,4,0
818,818,1,1,1,4,4,1
819,819,1,1,1,4,5,0
820,820,1,1,2,0,0,5
821,821,1,1,2,0,1,4
822,822,1,1,2,0,2,3
823,823,1,1,2,0,3,2
824,824,1,1,2,0,4,1
825,825,1,1,2,0,5,0
826,826,1,1,2,1,0,5
827,827,1,1,2,1,1,4
828,828,1,1,2,1,2,3
829,829,1,1,2,1,3,2
830,830,1,1,2,1,4,1
831,831,1,1,2,1,5,0
832,832,1,1,2,2,0,5
833,833,1,1,2,2,1,4
834,834,1,1,2,2,2,3
835,835,1,1,2,2,3,2
836,836,1,1,2,2,4,1
837,837,1,1,2,2,5,0
838,838,1,1,2,3,0,2
839,839,1,1,2,3,0,3
840,840,1,1,2,3,0,4
841,841,1,1,2,3,0,5
842,842,1,1,2,3,1,2
843,843,1,1,2,3,1,3
844,844,1,1,2,3,1,4
845,845,1,1,2,3,2,0
846,846,1,1,2,3,2,1
847,847,1,1,2,3,2,2
848,848,1,1,2,3,3,0
849,849,1,1,2,3,3,1
850,850,1,1,2,3,3,2
851,851,1,1,2,3,4,0
852,852,1,1,2,3,4,1
853,853,1,1,2,3,5,0
854,854,1,1,3,0,0,5
855,855,1,1,3,0,1,4
856,856,1,1,3,0,2,3
857,857,1,1,3,0,3,2
858,858,1,1,3,0,4,1
859,859,1,1,3,0,5,0
860,860,1,1,3,1,0,5
861,861,1,1,3,1,1,4
862,862,1,1,3,1,2,3
863,863,1,1,3,1,3,2
864,864,1,1,3,1,4,1
865,865,1,1,3,1,5,0
866,866,1,1,3,2,0,2
867,867,1,1,3,2,0,3
868,868,1,1,3,2,0,4
869,869,1,1,3,2,0,5
870,870,1,1,3,2,1,2
871,871,1,1,3,2,1,3
872,872,1,1,3,2,1,4
873,873,1,1,3,2,2,0
874,874,1,1,3,2,2,1
875,875,1,1,3,2,2,2
876,876,1,1,3,2,2,3
877,877,1,1,3,2,3,0
878,878,1,1,3,2,3,1
879,879,1,1,3,2,4,0
880,880,1,1,3,2,4,1
881,881,1,1,3,2,5,0
882,882,1,1,4,0,0,5
883,883,1,1,4,0,1,4
884,884,1,1,4,0,2,3
885,885,1,1,4,0,3,2
886,886,1,1,4,0,4,1
887,887,1,1,4,0,5,0
888,888,1,1,4,1,0,2
889,889,1,1,4,1,0,3
890,890,1,1,4,1,0,4
891,891,1,1,4,1,0,5
892,892,1,1,4,1,1,2
893,893,1,1,4,1,1,3
894,894,1,1,4,1,1,4
895,895,1,1,4,1,2,0
896,896,1,1,4,1,2,1
897,897,1,1,4,1,2,2
898,898,1,1,4,1,2,3
899,899,1,1,4,1,3,0
900,900,1,1,4,1,3,1
901,901,1,1,4,1,3,2
902,902,1,1,4,1,4,0
903,903,1,1,4,1,5,0
904,904,1,1,5,0,0,2
905,905,1,1,5,0,0,3
906,906,1,1,5,0,0,4
907,907,1,1,5,0,0,5
908,908,1,1,5,0,1,2
909,909,1,1,5,0,1,3
910,910,1,1,5,0,1,4
911,911,1,1,5,0,2,0
912,912,1,1,5,0,2,1
913,913,1,1,5,0,2,2
914,914,1,1,5,0,2,3
915,915,1,1,5,0,3,0
916,916,1,1,5,0,3,1
917,917,1,1,5,0,3,2
918,918,1,1,5,0,4,0
919,919,1,1,5,0,4,1
920,920,1,2,0,2,0,5
921,921,1,2,0,2,1,4
922,922,1,2,0,2,2,3
923,923,1,2,0,2,3,2
924,924,1,2,0,2,4,1
925,925,1,2,0,2,5,0
926,926,1,2,0,3,0,5
927,927,1,2,0,3,1,4
928,928,1,2,0,3,2,3
929,929,1,2,0,3,3,2
930,930,1,2,0,3,4,1
931,931,1,2,0,3,5,0
932,932,1,2,0,4,0,5
933,933,1,2,0,4,1,4
934,934,1,2,0,4,2,3
935,935,1,2,0,4,3,2
936,936,1,2,0,4,4,1
937,937,1,2,0,4,5,0
938,938,1,2,0,5,0,2
939,939,1,2,0,5,0,3
940,940,1,2,0,5,0,4
941,941,1,2,0,5,1,1
942,942,1,2,0,5,1,3
943,943,1,2,0,5,1,4
944,944,1,2,0,5,2,0
945,945,1,2,0,5,2,1
946,946,1,2,0,5,2,2
947,947,1,2,0,5,2,3
948,948,1,2,0,5,3,0
949,949,1,2,0,5,3,1
950,950,1,2,0,5,3,2
951,951,1,2,0,5,4,0
952,952,1,2,0,5,4,1
953,953,1,2,0,5,5,0
954,954,1,2,1,1,0,5
955,955,1,2,1,1,1,4
956,956,1,2,1,1,2,3
957,957,1,2,1,1,3,2
958,958,1,2,1,1,4,1
959,959,1,2,1,1,5,0
960,960,1,2,1,3,0,5
961,961,1,2,1,3,1,4
962,962,1,2,1,3,2,3
963,963,1,2,1,3,3,2
964,964,1,2,1,3,4,1
965,965,1,2,1,3,5,0
966,966,1,2,1,4,0,2
967,967,1,2,1,4,0,3
968,968,1,2,1,4,0,4
969,969,1,2,1,4,0,5
970,970,1,2,1,4,1,1
971,971,1,2,1,4,1,3
972,972,1,2,1,4,2,0
973,973,1,2,1,4,2,1
974,974,1,2,1,4,2,2
975,975,1,2,1,4,2,3
976,976,1,2,1,4,3,0
977,977,1,2,1,4,3,1
978,978,1,2,1,4,3,2
979,979,1,2,1,4,4,0
980,980,1,2,1,4,4,1
981,981,1,2,1,4,5,0
982,982,1,2,2,0,0,5
983,983,1,2,2,0,1,4
984,984,1,2,2,0,2,3
985,985,1,2,2,0,3,2
986,986,1,2,2,0,4,1
987,987,1,2,2,0,5,0
988,988,1,2,2,1,0,5
989,989,1,2,2,1,1,4
990,990,1,2,2,1,2,3
991,991,1,2,2,1,3,2
992,992,1,2,2,1,4,1
993,993,1,2,2,1,5,0
994,994,1,2,2,2,0,5
995,995,1,2,2,2,1,4
996,996,1,2,2,2,2,3
997,997,1,2,2,2,3,2
998,998,1,2,2,2,4,1
999,999,1,2,2,2,5,0
1000,1000,1,2,2,3,0,2
1001,1001,1,2,2,3,0,3
1002,1002,1,2,2,3,0,4
1003,1003,1,2,2,3,0,5
1004,1004,1,2,2,3,1,1
1005,1005,1,2,2,3,1,3
1006,1006,1,2,2,3,1,4
1007,1007,1,2,2,3,2,0
1008,1008,1,2,2,3,2,1
1009,1009,1,2,2,3,2,2
1010,1010,1,2,2,3,3,0
1011,1011,1,2,2,3,3,1
1012,1012,1,2,2,3,3,2
1013,1013,1,2,2,3,4,0
1014,1014,1,2,2,3,4,1
1015,1015,1,2,2,3,5,0
1016,1016,1,2,3,0,0,5
1017,1017,1,2,3,0,1,4
1018,1018,1,2,3,0,2,3
1019,1019,1,2,3,0,3,2
1020,1020,1,2,3,0,4,1
1021,1021,1,2,3,0,5,0
1022,1022,1,2,3,1,0,5
1023,1023,1,2,3,1,1,4
1024,1024,1,2,3,1,2,3
1025,1025,1,2,3,1,3,2
1026,1026,1,2,3,1,4,1
1027,1027,1,2,3,1,5,0
1028,1028,1,2,3,2,0,2
1029,1029,1,2,3,2,0,3
1030,1030,1,2,3,2,0,4
1031,1031,1,2,3,2,0,5
1032,1032,1,2,3,2,1,1
1033,1033,1,2,3,2,1,3
1034,1034,1,2,3,2,1,4
1035,1035,1,2,3,2,2,0
1036,1036,1,2,3,2,2,1
1037,1037,1,2,3,2,2,2
1038,1038,1,2,3,2,2,3
1039,1039,1,2,3,2,3,0
1040,1040,1,2,3,2,3,1
1041,1041,1,2,3,2,4,0
1042,1042,1,2,3,2,4,1
1043,1043,1,2,3,2,5,0
1044,1044,1,2,4,0,0,5
1045,1045,1,2,4,0,1,4
1046,1046,1,2,4,0,2,3
1047,1047,1,2,4,0,3,2
1048,1048,1,2,4,0,4,1
1049,1049,1,2,4,0,5,0
1050,1050,1,2,4,1,0,2
1051,1051,1,2,4,1,0,3
1052,1052,1,2,4,1,0,4
1053,1053,1,2,4,1,0,5
1054,1054,1,2,4,1,1,1
1055,1055,1,2,4,1,1,3
1056,1056,1,2,4,1,1,4
1057,1057,1,2,4,1,2,0
1058,1058,1,2,4,1,2,1
1059,1059,1,2,4,1,2,2
1060,1060,1,2,4,1,2,3
1061,1061,1,2,4,1,3,0
1062,1062,1,2,4,1,3,1
1063,1063,1,2,4,1,3,2
1064,1064,1,2,4,1,4,0
1065,1065,1,2,4,1,5,0
1066,1066,1,2,5,0,0,2
1067,1067,1,2,5,0,0,3
1068,1068,1,2,5,0,0,4
1069,1069,1,2,5,0,0,5
1070,1070,1,2,5,0,1,1
1071,1071,1,2,5,0,1,3
1072,1072,1,2,5,0,1,4
1073,1073,1,2,5,0,2,0
1074,1074,1,2,5,0,2,1
1075,1075,1,2,5,0,2,2
1076,1076,1,2,5,0,2,3
1077,1077,1,2,5,0,3,0
1078,1078,1,2,5,0,3,1
1079,1079,1,2,5,0,3,2
1080,1080,1,2,5,0,4,0
1081,1081,1,2,5,0,4,1
1082,1082,1,3,0,2,0,5
1083,1083,1,3,0,2,1,4
1084,1084,1,3,0,2,2,3
1085,1085,1,3,0,2,3,2
1086,1086,1,3,0,2,4,1
1087,1087,1,3,0,2,5,0
1088,1088,1,3,0,3,0,5
1089,1089,1,3,0,3,1,4
1090,1090,1,3,0,3,2,3
1091,1091,1,3,0,3,3,2
1092,1092,1,3,0,3,4,1
1093,1093,1,3,0,3,5,0
1094,1094,1,3,0,4,0,5
1095,1095,1,3,0,4,1,4
1096,1096,1,3,0,4,2,3
1097,1097,1,3,0,4,3,2
1098,1098,1,3,0,4,4,1
1099,1099,1,3,0,4,5,0
1100,1100,1,3,0,5,0,2
1101,1101,1,3,0,5,0,3
1102,1102,1,3,0,5,0,4
1103,1103,1,3,0,5,1,1
1104,1104,1,3,0,5,1,2
1105,1105,1,3,0,5,1,4
1106,1106,1,3,0,5,2,0
1107,1107,1,3,0,5,2,1
1108,1108,1,3,0,5,2,2
1109,1109,1,3,0,5,2,3
1110,1110,1,3,0,5,3,0
1111,1111,1,3,0,5,3,1
1112,1112,1,3,0,5,3,2
1113,1113,1,3,0,5,4,0
1114,1114,1,3,0,5,4,1
1115,1115,1,3,0,5,5,0
1116,1116,1,3,1,1,0,5
1117,1117,1,3,1,1,1,4
1118,1118,1,3,1,1,2,3
1119,1119,1,3,1,1,3,2
1120,1120,1,3,1,1,4,1
1121,1121,1,3,1,1,5,0
1122,1122,1,3,1,2,0,5
1123,1123,1,3,1,2,1,4
1124,1124,1,3,1,2,2,3
1125,1125,1,3,1,2,3,2
1126,1126,1,3,1,2,4,1
1127,1127,1,3,1,2,5,0
1128,1128,1,3,1,4,0,2
1129,1129,1,3,1,4,0,3
1130,1130,1,3,1,4,0,4
1131,1131,1,3,1,4,0,5
1132,1132,1,3,1,4,1,1
1133,1133,1,3,1,4,1,2
1134,1134,1,3,1,4,2,0
1135,1135,1,3,1,4,2,1
1136,1136,1,3,1,4,2,2
1137,1137,1,3,1,4,2,3
1138,1138,1,3,1,4,3,0
1139,1139,1,3,1,4,3,1
1140,1140,1,3,1,4,3,2
1141,1141,1,3,1,4,4,0
1142,1142,1,3,1,4,4,1
1143,1143,1,3,1,4,5,0
1144,1144,1,3,2,0,0,5
1145,1145,1,3,2,0,1,4
1146,1146,1,3,2,0,2,3
1147,1147,1,3,2,0,3,2
1148,1148,1,3,2,0,4,1
1149,1149,1,3,2,0,5,0
1150,1150,1,3,2,1,0,5
1151,1151,1,3,2,1,1,4
1152,1152,1,3,2,1,2,3
1153,1153,1,3,2,1,3,2
1154,1154,1,3,2,1,4,1
1155,1155,1,3,2,1,5,0
1156,1156,1,3,2,2,0,5
1157,1157,1,3,2,2,1,4
1158,1158,1,3,2,2,2,3
1159,1159,1,3,2,2,3,2
1160,1160,1,3,2,2,4,1
1161,1161,1,3,2,2,5,0
1162,1162,1,3,2,3,0,2
1163,1163,1,3,2,3,0,3
1164,1164,1,3,2,3,0,4
1165,1165,1,3,2,3,0,5
1166,1166,1,3,2,3,1,1
1167,1167,1,3,2,3,1,2
1168,1168,1,3,2,3,1,4
1169,1169,1,3,2,3,2,0
1170,1170,1,3,2,3,2,1
1171,1171,1,3,2,3,2,2
1172,1172,1,3,2,3,3,0
1173,1173,1,3,2,3,3,1
1174,1174,1,3,2,3,3,2
1175,1175,1,3,2,3,4,0
1176,1176,1,3,2,3,4,1
1177,1177,1,3,2,3,5,0
1178,1178,1,3,3,0,0,5
1179,1179,1,3,3,0,1,4
1180,1180,1,3,3,0,2,3
1181,1181,1,3,3,0,3,2
1182,1182,1,3,3,0,4,1
1183,1183,1,3,3,0,5,0
1184,1184,1,3,3,1,0,5
1185,1185,1,3,3,1,1,4
1186,1186,1,3,3,1,2,3
1187,1187,1,3,3,1,3,2
1188,1188,1,3,3,1,4,1
1189,1189,1,3,3,1,5,0
1190,1190,1,3,3,2,0,2
1191,1191,1,3,3,2,0,3
1192,1192,1,3,3,2,0,4
1193,1193,1,3,3,2,0,5
1194,1194,1,3,3,2,1,1
1195,1195,1,3,3,2,1,2
1196,1196,1,3,3,2,1,4
1197,1197,1,3,3,2,2,0
1198,1198,1,3,3,2,2,1
1199,1199,1,3,3,2,2,2
1200,1200,1,3,3,2,2,3
1201,1201,1,3,3,2,3,0
1202,1202,1,3,3,2,3,1
1203,1203,1,3,3,2,4,0
1204,1204,1,3,3,2,4,1
1205,1205,1,3,3,2,5,0
1206,1206,1,3,4,0,0,5
1207,1207,1,3,4,0,1,4
1208,1208,1,3,4,0,2,3
1209,1209,1,3,4,0,3,2
1210,1210,1,3,4,0,4,1
1211,1211,1,3,4,0,5,0
1212,1212,1,3,4,1,0,2
1213,1213,1,3,4,1,0,3
1214,1214,1,3,4,1,0,4
1215,1215,1,3,4,1,0,5
1216,1216,1,3,4,1,1,1
1217,1217,1,3,4,1,1,2
1218,1218,1,3,4,1,1,4
1219,1219,1,3,4,1,2,0
1220,1220,1,3,4,1,2,1
1221,1221,1,3,4,1,2,2
1222,1222,1,3,4,1,2,3
1223,1223,1,3,4,1,3,0
1224,1224,1,3,4,1,3,1
1225,1225,1,3,4,1,3,2
1226,1226,1,3,4,1,4,0
1227,1227,1,3,4,1,5,0
1228,1228,1,3,5,0,0,2
1229,1229,1,3,5,0,0,3
1230,1230,1,3,5,0,0,4
1231,1231,1,3,5,0,0,5
1232,1232,1,3,5,0,1,1
1233,1233,1,3,5,0,1,2
1234,1234,1,3,5,0,1,4
1235,1235,1,3,5,0,2,0
1236,1236,1,3,5,0,2,1
1237,1237,1,3,5,0,2,2
1238,1238,1,3,5,0,2,3
1239,1239,1,3,5,0,3,0
1240,1240,1,3,5,0,3,1
1241,1241,1,3,5,0,3,2
1242,1242,1,3,5,0,4,0
1243,1243,1,3,5,0,4,1
1244,1244,1,4,0,2,0,3
1245,1245,1,4,0,2,0,4
1246,1246,1,4,0,2,0,5
1247,1247,1,4,0,2,1,1
1248,1248,1,4,0,2,1,2
1249,1249,1,4,0,2,1,3
1250,1250,1,4,0,2,2,0
1251,1251,1,4,0,2,2,1
1252,1252,1,4,0,2,2,2
1253,1253,1,4,0,2,2,3
1254,1254,1,4,0,2,3,0
1255,1255,1,4,0,2,3,1
1256,1256,1,4,0,2,3,2
1257,1257,1,4,0,2,4,0
1258,1258,1,4,0,2,4,1
1259,1259,1,4,0,2,5,0
1260,1260,1,4,0,3,0,2
1261,1261,1,4,0,3,0,4
1262,1262,1,4,0,3,0,5
1263,1263,1,4,0,3,1,1
1264,1264,1,4,0,3,1,2
1265,1265,1,4,0,3,1,3
1266,1266,1,4,0,3,2,0
1267,1267,1,4,0,3,2,1
1268,1268,1,4,0,3,2,2
1269,1269,1,4,0,3,2,3
1270,1270,1,4,0,3,3,0
1271,1271,1,4,0,3,3,1
1272,1272,1,4,0,3,3,2
1273,1273,1,4,0,3,4,0
1274,1274,1,4,0,3,4,1
1275,1275,1,4,0,3,5,0
1276,1276,1,4,0,4,0,2
1277,1277,1,4,0,4,0,3
1278,1278,1,4,0,4,0,5
1279,1279,1,4,0,4,1,1
1280,1280,1,4,0,4,1,2
1281,1281,1,4,0,4,1,3
1282,1282,1,4,0,4,2,0
1283,1283,1,4,0,4,2,1
1284,1284,1,4,0,4,2,2
1285,1285,1,4,0,4,2,3
1286,1286,1,4,0,4,3,0
1287,1287,1,4,0,4,3,1
1288,1288,1,4,0,4,3,2
1289,1289,1,4,0,4,4,0
1290,1290,1,4,0,4,4,1
1291,1291,1,4,0,4,5,0
1292,1292,1,4,0,5,0,2
1293,1293,1,4,0,5,0,3
1294,1294,1,4,0,5,0,4
1295,1295,1,4,0,5,1,1
1296,1296,1,4,0,5,1,2
1297,1297,1,4,0,5,1,3
1298,1298,1,4,0,5,2,0
1299,1299,1,4,0,5,2,1
1300,1300,1,4,0,5,2,2
1301,1301,1,4,0,5,2,3
1302,1302,1,4,0,5,3,0
1303,1303,1,4,0,5,3,1
1304,1304,1,4,0,5,3,2
1305,1305,1,4,0,5,4,0
1306,1306,1,4,0,5,4,1
1307,1307,1,4,0,5,5,0
1308,1308,1,4,1,1,0,2
1309,1309,1,4,1,1,0,3
1310,1310,1,4,1,1,0,4
1311,1311,1,4,1,1,0,5
1312,1312,1,4,1,1,1,2
1313,1313,1,4,1,1,1,3
1314,1314,1,4,1,1,2,0
1315,1315,1,4,1,1,2,1
1316,1316,1,4,1,1,2,2
1317,1317,1,4,1,1,2,3
1318,1318,1,4,1,1,3,0
1319,1319,1,4,1,1,3,1
1320,1320,1,4,1,1,3,2
1321,1321,1,4,1,1,4,0
1322,1322,1,4,1,1,4,1
1323,1323,1,4,1,1,5,0
1324,1324,1,4,1,2,0,2
1325,1325,1,4,1,2,0,3
1326,1326,1,4,1,2,0,4
1327,1327,1,4,1,2,0,5
1328,1328,1,4,1,2,1,1
1329,1329,1,4,1,2,1,3
1330,1330,1,4,1,2,2,0
1331,1331,1,4,1,2,2,1
1332,1332,1,4,1,2,2,2
1333,1333,1,4,1,2,2,3
1334,1334,1,4,1,2,3,0
1335,1335,1,4,1,2,3,1
1336,1336,1,4,1,2,3,2
1337,1337,1,4,1,2,4,0
1338,1338,1,4,1,2,4,1
1339,1339,1,4,1,2,5,0
1340,1340,1,4,1,3,0,2
1341,1341,1,4,1,3,0,3
1342,1342,1,4,1,3,0,4
1343,1343,1,4,1,3,0,5
1344,1344,1,4,1,3,1,1
1345,1345,1,4,1,3,1,2
1346,1346,1,4,1,3,2,0
1347,1347,1,4,1,3,2,1
1348,1348,1,4,1,3,2,2
1349,1349,1,4,1,3,2,3
1350,1350,1,4,1,3,3,0
1351,1351,1,4,1,3,3,1
1352,1352,1,4,1,3,3,2
1353,1353,1,4,1,3,4,0
1354,1354,1,4,1,3,4,1
1355,1355,1,4,1,3,5,0
1356,1356,1,4,2,0,0,2
1357,1357,1,4,2,0,0,3
1358,1358,1,4,2,0,0,4
1359,1359,1,4,2,0,0,5
1360,1360,1,4,2,0,1,1
1361,1361,1,4,2,0,1,2
1362,1362,1,4,2,0,1,3
1363,1363,1,4,2,0,2,1
1364,1364,1,4,2,0,2,2
1365,1365,1,4,2,0,2,3
1366,1366,1,4,2,0,3,0
1367,1367,1,4,2,0,3,1
1368,1368,1,4,2,0,3,2
1369,1369,1,4,2,0,4,0
1370,1370,1,4,2,0,4,1
1371,1371,1,4,2,0,5,0
1372,1372,1,4,2,1,0,2
1373,1373,1,4,2,1,0,3
1374,1374,1,4,2,1,0,4
1375,1375,1,4,2,1,0,5
1376,1376,1,4,2,1,1,1
1377,1377,1,4,2,1,1,2
1378,1378,1,4,2,1,1,3
1379,1379,1,4,2,1,2,0
1380,1380,1,4,2,1,2,2
1381,1381,1,4,2,1,2,3
1382,1382,1,4,2,1,3,0
1383,1383,1,4,2,1,3,1
1384,1384,1,4,2,1,3,2
1385,1385,1,4,2,1,4,0
1386,1386,1,4,2,1,4,1
1387,1387,1,4,2,1,5,0
1388,1388,1,4,2,2,0,2
1389,1389,1,4,2,2,0,3
1390,1390,1,4,2,2,0,4
1391,1391,1,4,2,2,0,5
1392,1392,1,4,2,2,1,1
1393,1393,1,4,2,2,1,2
1394,1394,1,4,2,2,1,3
1395,1395,1,4,2,2,2,0
1396,1396,1,4,2,2,2,1
1397,1397,1,4,2,2,2,3
1398,1398,1,4,2,2,3,0
1399,1399,1,4,2,2,3,1
1400,1400,1,4,2,2,3,2
1401,1401,1,4,2,2,4,0
1402,1402,1,4,2,2,4,1
1403,1403,1,4,2,2,5,0
1404,1404,1,4,2,3,0,2
1405,1405,1,4,2,3,0,3
1406,1406,1,4,2,3,0,4
1407,1407,1,4,2,3,0,5
1408,1408,1,4,2,3,1,1
1409,1409,1,4,2,3,1,2
1410,1410,1,4,2,3,1,3
1411,1411,1,4,2,3,2,0
1412,1412,1,4,2,3,2,1
1413,1413,1,4,2,3,2,2
1414,1414,1,4,2,3,3,0
1415,1415,1,4,2,3,3,1
1416,1416,1,4,2,3,3,2
1417,1417,1,4,2,3,4,0
1418,1418,1,4,2,3,4,1
1419,1419,1,4,2,3,5,0
1420,1420,1,4,3,0,0,2
1421,1421,1,4,3,0,0,3
1422,1422,1,4,3,0,0,4
1423,1423,1,4,3,0,0,5
1424,1424,1,4,3,0,1,1
1425,1425,1,4,3,0,1,2
1426,1426,1,4,3,0,1,3
1427,1427,1,4,3,0,2,0
1428,1428,1,4,3,0,2,1
1429,1429,1,4,3,0,2,2
1430,1430,1,4,3,0,2,3
1431,1431,1,4,3,0,3,1
1432,1432,1,4,3,0,3,2
1433,1433,1,4,3,0,4,0
1434,1434,1,4,3,0,4,1
1435,1435,1,4,3,0,5,0
1436,1436,1,4,3,1,0,2
1437,1437,1,4,3,1,0,3
1438,1438,1,4,3,1,0,4
1439,1439,1,4,3,1,0,5
1440,1440,1,4,3,1,1,1
1441,1441,1,4,3,1,1,2
1442,1442,1,4,3,1,1,3
1443,1443,1,4,3,1,2,0
1444,1444,1,4,3,1,2,1
1445,1445,1,4,3,1,2,2
1446,1446,1,4,3,1,2,3
1447,1447,1,4,3,1,3,0
1448,1448,1,4,3,1,3,2
1449,1449,1,4,3,1,4,0
1450,1450,1,4,3,1,4,1
1451,1451,1,4,3,1,5,0
1452,1452,1,4,3,2,0,2
1453,1453,1,4,3,2,0,3
1454,1454,1,4,3,2,0,4
1455,1455,1,4,3,2,0,5
1456,1456,1,4,3,2,1,1
1457,1457,1,4,3,2,1,2
1458,1458,1,4,3,2,1,3
1459,1459,1,4,3,2,2,0
1460,1460,1,4,3,2,2,1
1461,1461,1,4,3,2,2,2
1462,1462,1,4,3,2,2,3
1463,1463,1,4,3,2,3,0
1464,1464,1,4,3,2,3,1
1465,1465,1,4,3,2,4,0
1466,1466,1,4,3,2,4,1
1467,1467,1,4,3,2,5,0
1468,1468,1,4,4,0,0,2
1469,1469,1,4,4,0,0,3
1470,1470,1,4,4,0,0,4
1471,1471,1,4,4,0,0,5
1472,1472,1,4,4,0,1,1
1473,1473,1,4,4,0,1,2
1474,1474,1,4,4,0,1,3
1475,1475,1,4,4,0,2,0
1476,1476,1,4,4,0,2,1
1477,1477,1,4,4,0,2,2
1478,1478,1,4,4,0,2,3
1479,1479,1,4,4,0,3,0
1480,1480,1,4,4,0,3,1
1481,1481,1,4,4,0,3,2
1482,1482,1,4,4,0,4,1
1483,1483,1,4,4,0,5,0
1484,1484,1,4,4,1,0,2
1485,1485,1,4,4,1,0,3
1486,1486,1,4,4,1,0,4
1487,1487,1,4,4,1,0,5
1488,1488,1,4,4,1,1,1
1489,1489,1,4,4,1,1,2
1490,1490,1,4,4,1,1,3
1491,1491,1,4,4,1,2,0
1492,1492,1,4,4,1,2,1
1493,1493,1,4,4,1,2,2
1494,1494,1,4,4,1,2,3
1495,1495,1,4,4,1,3,0
1496,1496,1,4,4,1,3,1
1497,1497,1,4,4,1,3,2
1498,1498,1,4,4,1,4,0
1499,1499,1,4,4,1,5,0
1500,1500,1,4,5,0,0,2
1501,1501,1,4,5,0,0,3
1502,1502,1,4,5,0,0,4
1503,1503,1,4,5,0,0,5
1504,1504,1,4,5,0,1,1
1505,1505,1,4,5,0,1,2
1506,1506,1,4,5,0,1,3
1507,1507,1,4,5,0,2,0
1508,1508,1,4,5,0,2,1
1509,1509,1,4,5,0,2,2
1510,1510,1,4,5,0,2,3
1511,1511,1,4,5,0,3,0
1512,1512,1,4,5,0,3,1
1513,1513,1,4,5,0,3,2
1514,1514,1,4,5,0,4,0
1515,1515,1,4,5,0,4,1
1516,1516,2,0,0,2,0,5
1517,1517,2,0,0,2,1,4
1518,1518,2,0,0,2,2,3
1519,1519,2,0,0,2,3,2
1520,1520,2,0,0,2,4,1
1521,1521,2,0,0,2,5,0
1522,1522,2,0,0,3,0,5
1523,1523,2,0,0,3,1,4
1524,1524,2,0,0,3,2,3
1525,1525,2,0,0,3,3,2
1526,1526,2,0,0,3,4,1
1527,1527,2,0,0,3,5,0
1528,1528,2,0,0,4,0,5
1529,1529,2,0,0,4,1,4
1530,1530,2,0,0,4,2,3
1531,1531,2,0,0,4,3,2
1532,1532,2,0,0,4,4,1
1533,1533,2,0,0,4,5,0
1534,1534,2,0,0,5,0,2
1535,1535,2,0,0,5,0,3
1536,1536,2,0,0,5,0,4
1537,1537,2,0,0,5,1,1
1538,1538,2,0,0,5,1,2
1539,1539,2,0,0,5,1,3
1540,1540,2,0,0,5,1,4
1541,1541,2,0,0,5,2,1
1542,1542,2,0,0,5,2,2
1543,1543,2,0,0,5,2,3
1544,1544,2,0,0,5,3,0
1545,1545,2,0,0,5,3,1
1546,1546,2,0,0,5,3,2
1547,1547,2,0,0,5,4,0
1548,1548,2,0,0,5,4,1
1549,1549,2,0,0,5,5,0
1550,1550,2,0,1,1,0,5
1551,1551,2,0,1,1,1,4
1552,1552,2,0,1,1,2,3
1553,1553,2,0,1,1,3,2
1554,1554,2,0,1,1,4,1
1555,1555,2,0,1,1,5,0
1556,1556,2,0,1,2,0,5
1557,1557,2,0,1,2,1,4
1558,1558,2,0,1,2,2,3
1559,1559,2,0,1,2,3,2
1560,1560,2,0,1,2,4,1
1561,1561,2,0,1,2,5,0
1562,1562,2,0,1,3,0,5
1563,1563,2,0,1,3,1,4
1564,1564,2,0,1,3,2,3
1565,1565,2,0,1,3,3,2
1566,1566,2,0,1,3,4,1
1567,1567,2,0,1,3,5,0
1568,1568,2,0,1,4,0,2
1569,1569,2,0,1,4,0,3
1570,1570,2,0,1,4,0,4
1571,1571,2,0,1,4,0,5
1572,1572,2,0,1,4,1,1
1573,1573,2,0,1,4,1,2
1574,1574,2,0,1,4,1,3
1575,1575,2,0,1,4,2,1
1576,1576,2,0,1,4,2,2
1577,1577,2,0,1,4,2,3
1578,1578,2,0,1,4,3,0
1579,1579,2,0,1,4,3,1
1580,1580,2,0,1,4,3,2
1581,1581,2,0,1,4,4,0
1582,1582,2,0,1,4,4,1
1583,1583,2,0,1,4,5,0
1584,1584,2,0,2,1,0,5
1585,1585,2,0,2,1,1,4
1586,1586,2,0,2,1,2,3
1587,1587,2,0,2,1,3,2
1588,1588,2,0,2,1,4,1
1589,1589,2,0,2,1,5,0
1590,1590,2,0,2,2,0,5
1591,1591,2,0,2,2,1,4
1592,1592,2,0,2,2,2,3
1593,1593,2,0,2,2,3,2
1594,1594,2,0,2,2,4,1
1595,1595,2,0,2,2,5,0
1596,1596,2,0,2,3,0,2
1597,1597,2,0,2,3,0,3
1598,1598,2,0,2,3,0,4
1599,1599,2,0,2,3,0,5
1600,1600,2,0,2,3,1,1
1601,1601,2,0,2,3,1,2
1602,1602,2,0,2,3,1,3
1603,1603,2,0,2,3,1,4
1604,1604,2,0,2,3,2,1
1605,1605,2,0,2,3,2,2
1606,1606,2,0,2,3,3,0
1607,1607,2,0,2,3,3,1
1608,1608,2,0,2,3,3,2
1609,1609,2,0,2,3,4,0
1610,1610,2,0,2,3,4,1
1611,1611,2,0,2,3,5,0
1612,1612,2,0,3,0,0,5
1613,1613,2,0,3,0,1,4
1614,1614,2,0,3,0,2,3
1615,1615,2,0,3,0,3,2
1616,1616,2,0,3,0,4,1
1617,1617,2,0,3,0,5,0
1618,1618,2,0,3,1,0,5
1619,1619,2,0,3,1,1,4
1620,1620,2,0,3,1,2,3
1621,1621,2,0,3,1,3,2
1622,1622,2,0,3,1,4,1
1623,1623,2,0,3,1,5,0
1624,1624,2,0,3,2,0,2
1625,1625,2,0,3,2,0,3
1626,1626,2,0,3,2,0,4
1627,1627,2,0,3,2,0,5
1628,1628,2,0,3,2,1,1
1629,1629,2,0,3,2,1,2
1630,1630,2,0,3,2,1,3
1631,1631,2,0,3,2,1,4
1632,1632,2,0,3,2,2,1
1633,1633,2,0,3,2,2,2
1634,1634,2,0,3,2,2,3
1635,1635,2,0,3,2,3,0
1636,1636,2,0,3,2,3,1
1637,1637,2,0,3,2,4,0
1638,1638,2,0,3,2,4,1
1639,1639,2,0,3,2,5,0
1640,1640,2,0,4,0,0,5
1641,1641,2,0,4,0,1,4
1642,1642,2,0,4,0,2,3
1643,1643,2,0,4,0,3,2
1644,1644,2,0,4,0,4,1
1645,1645,2,0,4,0,5,0
1646,1646,2,0,4,1,0,2
1647,1647,2,0,4,1,0,3
1648,1648,2,0,4,1,0,4
1649,1649,2,0,4,1,0,5
1650,1650,2,0,4,1,1,1
1651,1651,2,0,4,1,1,2
1652,1652,2,0,4,1,1,3
1653,1653,2,0,4,1,1,4
1654,1654,2,0,4,1,2,1
1655,1655,2,0,4,1,2,2
1656,1656,2,0,4,1,2,3
1657,1657,2,0,4,1,3,0
1658,1658,2,0,4,1,3,1
1659,1659,2,0,4,1,3,2
1660,1660,2,0,4,1,4,0
1661,1661,2,0,4,1,5,0
1662,1662,2,0,5,0,0,2
1663,1663,2,0,5,0,0,3
1664,1664,2,0,5,0,0,4
1665,1665,2,0,5,0,0,5
1666,1666,2,0,5,0,1,1
1667,1667,2,0,5,0,1,2
1668,1668,2,0,5,0,1,3
1669,1669,2,0,5,0,1,4
1670,1670,2,0,5,0,2,1
1671,1671,2,0,5,0,2,2
1672,1672,2,0,5,0,2,3
1673,1673,2,0,5,0,3,0
1674,1674,2,0,5,0,3,1
1675,1675,2,0,5,0,3,2
1676,1676,2,0,5,0,4,0
1677,1677,2,0,5,0,4,1
1678,1678,2,1,0,2,0,5
1679,1679,2,1,0,2,1,4
1680,1680,2,1,0,2,2,3
1681,1681,2,1,0,2,3,2
1682,1682,2,1,0,2,4,1
1683,1683,2,1,0,2,5,0
1684,1684,2,1,0,3,0,5
1685,1685,2,1,0,3,1,4
1686,1686,2,1,0,3,2,3
1687,1687,2,1,0,3,3,2
1688,1688,2,1,0,3,4,1
1689,1689,2,1,0,3,5,0
1690,1690,2,1,0,4,0,5
1691,1691,2,1,0,4,1,4
1692,1692,2,1,0,4,2,3
1693,1693,2,1,0,4,3,2
1694,1694,2,1,0,4,4,1
1695,1695,2,1,0,4,5,0
1696,1696,2,1,0,5,0,2
1697,1697,2,1,0,5,0,3
1698,1698,2,1,0,5,0,4
1699,1699,2,1,0,5,1,1
1700,1700,2,1,0,5,1,2
1701,1701,2,1,0,5,1,3
1702,1702,2,1,0,5,1,4
1703,1703,2,1,0,5,2,0
1704,1704,2,1,0,5,2,2
1705,1705,2,1,0,5,2,3
1706,1706,2,1,0,5,3,0
1707,1707,2,1,0,5,3,1
1708,1708,2,1,0,5,3,2
1709,1709,2,1,0,5,4,0
1710,1710,2,1,0,5,4,1
1711,1711,2,1,0,5,5,0
1712,1712,2,1,1,1,0,5
1713,1713,2,1,1,1,1,4
1714,1714,2,1,1,1,2,3
1715,1715,2,1,1,1,3,2
1716,1716,2,1,1,1,4,1
1717,1717,2,1,1,1,5,0
1718,1718,2,1,1,2,0,5
1719,1719,2,1,1,2,1,4
1720,1720,2,1,1,2,2,3
1721,1721,2,1,1,2,3,2
1722,1722,2,1,1,2,4,1
1723,1723,2,1,1,2,5,0
1724,1724,2,1,1,3,0,5
1725,1725,2,1,1,3,1,4
1726,1726,2,1,1,3,2,3
1727,1727,2,1,1,3,3,2
1728,1728,2,1,1,3,4,1
1729,1729,2,1,1,3,5,0
1730,1730,2,1,1,4,0,2
1731,1731,2,1,1,4,0,3
1732,1732,2,1,1,4,0,4
1733,1733,2,1,1,4,0,5
1734,1734,2,1,1,4,1,1
1735,1735,2,1,1,4,1,2
1736,1736,2,1,1,4,1,3
1737,1737,2,1,1,4,2,0
1738,1738,2,1,1,4,2,2
1739,1739,2,1,1,4,2,3
1740,1740,2,1,1,4,3,0
1741,1741,2,1,1,4,3,1
1742,1742,2,1,1,4,3,2
1743,1743,2,1,1,4,4,0
1744,1744,2,1,1,4,4,1
1745,1745,2,1,1,4,5,0
1746,1746,2,1,2,0,0,5
1747,1747,2,1,2,0,1,4
1748,1748,2,1,2,0,2,3
1749,1749,2,1,2,0,3,2
1750,1750,2,1,2,0,4,1
1751,1751,2,1,2,0,5,0
1752,1752,2,1,2,2,0,5
1753,1753,2,1,2,2,1,4
1754,1754,2,1,2,2,2,3
1755,1755,2,1,2,2,3,2
1756,1756,2,1,2,2,4,1
1757,1757,2,1,2,2,5,0
1758,1758,2,1,2,3,0,2
1759,1759,2,1,2,3,0,3
1760,1760,2,1,2,3,0,4
1761,1761,2,1,2,3,0,5
1762,1762,2,1,2,3,1,1
1763,1763,2,1,2,3,1,2
1764,1764,2,1,2,3,1,3
1765,1765,2,1,2,3,1,4
1766,1766,2,1,2,3,2,0
1767,1767,2,1,2,3,2,2
1768,1768,2,1,2,3,3,0
1769,1769,2,1,2,3,3,1
1770,1770,2,1,2,3,3,2
1771,1771,2,1,2,3,4,0
1772,1772,2,1,2,3,4,1
1773,1773,2,1,2,3,5,0
1774,1774,2,1,3,0,0,5
1775,1775,2,1,3,0,1,4
1776,1776,2,1,3,0,2,3
1777,1777,2,1,3,0,3,2
1778,1778,2,1,3,0,4,1
1779,1779,2,1,3,0,5,0
1780,1780,2,1,3,1,0,5
1781,1781,2,1,3,1,1,4
1782,1782,2,1,3,1,2,3
1783,1783,2,1,3,1,3,2
1784,1784,2,1,3,1,4,1
1785,1785,2,1,3,1,5,0
1786,1786,2,1,3,2,0,2
1787,1787,2,1,3,2,0,3
1788,1788,2,1,3,2,0,4
1789,1789,2,1,3,2,0,5
1790,1790,2,1,3,2,1,1
1791,1791,2,1,3,2,1,2
1792,1792,2,1,3,2,1,3
1793,1793,2,1,3,2,1,4
1794,1794,2,1,3,2,2,0
1795,1795,2,1,3,2,2,2
1796,1796,2,1,3,2,2,3
1797,1797,2,1,3,2,3,0
1798,1798,2,1,3,2,3,1
1799,1799,2,1,3,2,4,0
1800,1800,2,1,3,2,4,1
1801,1801,2,1,3,2,5,0
1802,1802,2,1,4,0,0,5
1803,1803,2,1,4,0,1,4
1804,1804,2,1,4,0,2,3
1805,1805,2,1,4,0,3,2
1806,1806,2,1,4,0,4,1
1807,1807,2,1,4,0,5,0
1808,1808,2,1,4,1,0,2
1809,1809,2,1,4,1,0,3
1810,1810,2,1,4,1,0,4
1811,1811,2,1,4,1,0,5
1812,1812,2,1,4,1,1,1
1813,1813,2,1,4,1,1,2
1814,1814,2,1,4,1,1,3
1815,1815,2,1,4,1,1,4
1816,1816,2,1,4,1,2,0
1817,1817,2,1,4,1,2,2
1818,1818,2,1,4,1,2,3
1819,1819,2,1,4,1,3,0
1820,1820,2,1,4,1,3,1
1821,1821,2,1,4,1,3,2
1822,1822,2,1,4,1,4,0
1823,1823,2,1,4,1,5,0
1824,1824,2,1,5,0,0,2
1825,1825,2,1,5,0,0,3
1826,1826,2,1,5,0,0,4
1827,1827,2,1,5,0,0,5
1828,1828,2,1,5,0,1,1
1829,1829,2,1,5,0,1,2
1830,1830,2,1,5,0,1,3
1831,1831,2,1,5,0,1,4
1832,1832,2,1,5,0,2,0
1833,1833,2,1,5,0,2,2
1834,1834,2,1,5,0,2,3
1835,1835,2,1,5,0,3,0
1836,1836,2,1,5,0,3,1
1837,1837,2,1,5,0,3,2
1838,1838,2,1,5,0,4,0
1839,1839,2,1,5,0,4,1
1840,1840,2,2,0,2,0,5
1841,1841,2,2,0,2,1,4
1842,1842,2,2,0,2,2,3
1843,1843,2,2,0,2,3,2
1844,1844,2,2,0,2,4,1
1845,1845,2,2,0,2,5,0
1846,1846,2,2,0,3,0,5
1847,1847,2,2,0,3,1,4
1848,1848,2,2,0,3,2,3
1849,1849,2,2,0,3,3,2
1850,1850,2,2,0,3,4,1
1851,1851,2,2,0,3,5,0
1852,1852,2,2,0,4,0,5
1853,1853,2,2,0,4,1,4
1854,1854,2,2,0,4,2,3
1855,1855,2,2,0,4,3,2
1856,1856,2,2,0,4,4,1
1857,1857,2,2,0,4,5,0
1858,1858,2,2,0,5,0,2
1859,1859,2,2,0,5,0,3
1860,1860,2,2,0,5,0,4
1861,1861,2,2,0,5,1,1
1862,1862,2,2,0,5,1,2
1863,1863,2,2,0,5,1,3
1864,1864,2,2,0,5,1,4
1865,1865,2,2,0,5,2,0
1866,1866,2,2,0,5,2,1
1867,1867,2,2,0,5,2,3
1868,1868,2,2,0,5,3,0
1869,1869,2,2,0,5,3,1
1870,1870,2,2,0,5,3,2
1871,1871,2,2,0,5,4,0
1872,1872,2,2,0,5,4,1
1873,1873,2,2,0,5,5,0
1874,1874,2,2,1,1,0,5
1875,1875,2,2,1,1,1,4
1876,1876,2,2,1,1,2,3
1877,1877,2,2,1,1,3,2
1878,1878,2,2,1,1,4,1
1879,1879,2,2,1,1,5,0
1880,1880,2,2,1,2,0,5
1881,1881,2,2,1,2,1,4
1882,1882,2,2,1,2,2,3
1883,1883,2,2,1,2,3,2
1884,1884,2,2,1,2,4,1
1885,1885,2,2,1,2,5,0
1886,1886,2,2,1,3,0,5
1887,1887,2,2,1,3,1,4
1888,1888,2,2,1,3,2,3
1889,1889,2,2,1,3,3,2
1890,1890,2,2,1,3,4,1
1891,1891,2,2,1,3,5,0
1892,1892,2,2,1,4,0,2
1893,1893,2,2,1,4,0,3
1894,1894,2,2,1,4,0,4
1895,1895,2,2,1,4,0,5
1896,1896,2,2,1,4,1,1
1897,1897,2,2,1,4,1,2
1898,1898,2,2,1,4,1,3
1899,1899,2,2,1,4,2,0
1900,1900,2,2,1,4,2,1
1901,1901,2,2,1,4,2,3
1902,1902,2,2,1,4,3,0
1903,1903,2,2,1,4,3,1
1904,1904,2,2,1,4,3,2
1905,1905,2,2,1,4,4,0
1906,1906,2,2,1,4,4,1
1907,1907,2,2,1,4,5,0
1908,1908,2,2,2,0,0,5
1909,1909,2,2,2,0,1,4
1910,1910,2,2,2,0,2,3
1911,1911,2,2,2,0,3,2
1912,1912,2,2,2,0,4,1
1913,1913,2,2,2,0,5,0
1914,1914,2,2,2,1,0,5
1915,1915,2,2,2,1,1,4
1916,1916,2,2,2,1,2,3
1917,1917,2,2,2,1,3,2
1918,1918,2,2,2,1,4,1
1919,1919,2,2,2,1,5,0
1920,1920,2,2,2,3,0,2
1921,1921,2,2,2,3,0,3
1922,1922,2,2,2,3,0,4
1923,1923,2,2,2,3,0,5
1924,1924,2,2,2,3,1,1
1925,1925,2,2,2,3,1,2
1926,1926,2,2,2,3,1,3
1927,1927,2,2,2,3,1,4
1928,1928,2,2,2,3,2,0
1929,1929,2,2,2,3,2,1
1930,1930,2,2,2,3,3,0
1931,1931,2,2,2,3,3,1
1932,1932,2,2,2,3,3,2
1933,1933,2,2,2,3,4,0
1934,1934,2,2,2,3,4,1
1935,1935,2,2,2,3,5,0
1936,1936,2,2,3,0,0,5
1937,1937,2,2,3,0,1,4
1938,1938,2,2,3,0,2,3
1939,1939,2,2,3,0,3,2
1940,1940,2,2,3,0,4,1
1941,1941,2,2,3,0,5,0
1942,1942,2,2,3,1,0,5
1943,1943,2,2,3,1,1,4
1944,1944,2,2,3,1,2,3
1945,1945,2,2,3,1,3,2
1946,1946,2,2,3,1,4,1
1947,1947,2,2,3,1,5,0
1948,1948,2,2,3,2,0,2
1949,1949,2,2,3,2,0,3
1950,1950,2,2,3,2,0,4
1951,1951,2,2,3,2,0,5
1952,1952,2,2,3,2,1,1
1953,1953,2,2,3,2,1,2
1954,1954,2,2,3,2,1,3
1955,1955,2,2,3,2,1,4
1956,1956,2,2,3,2,2,0
1957,1957,2,2,3,2,2,1
1958,1958,2,2,3,2,2,3
1959,1959,2,2,3,2,3,0
1960,1960,2,2,3,2,3,1
1961,1961,2,2,3,2,4,0
1962,1962,2,2,3,2,4,1
1963,1963,2,2,3,2,5,0
1964,1964,2,2,4,0,0,5
1965,1965,2,2,4,0,1,4
1966,1966,2,2,4,0,2,3
1967,1967,2,2,4,0,3,2
1968,1968,2,2,4,0,4,1
1969,1969,2,2,4,0,5,0
1970,1970,2,2,4,1,0,2
1971,1971,2,2,4,1,0,3
1972,1972,2,2,4,1,0,4
1973,1973,2,2,4,1,0,5
1974,1974,2,2,4,1,1,1
1975,1975,2,2,4,1,1,2
1976,1976,2,2,4,1,1,3
1977,1977,2,2,4,1,1,4
1978,1978,2,2,4,1,2,0
1979,1979,2,2,4,1,2,1
1980,1980,2,2,4,1,2,3
1981,1981,2,2,4,1,3,0
1982,1982,2,2,4,1,3,1
1983,1983,2,2,4,1,3,2
1984,1984,2,2,4,1,4,0
1985,1985,2,2,4,1,5,0
1986,1986,2,2,5,0,0,2
1987,1987,2,2,5,0,0,3
1988,1988,2,2,5,0,0,4
1989,1989,2,2,5,0,0,5
1990,1990,2,2,5,0,1,1
1991,1991,2,2,5,0,1,2
1992,1992,2,2,5,0,1,3
1993,1993,2,2,5,0,1,4
1994,1994,2,2,5,0,2,0
1995,1995,2,2,5,0,2,1
1996,1996,2,2,5,0,2,3
1997,1997,2,2,5,0,3,0
1998,1998,2,2,5,0,3,1
1999,1999,2,2,5,0,3,2
2000,2000,2,2,5,0,4,0
2001,2001,2,2,5,0,4,1
2002,2002,2,3,0,2,0,3
2003,2003,2,3,0,2,0,4
2004,2004,2,3,0,2,0,5
2005,2005,2,3,0,2,1,1
2006,2006,2,3,0,2,1,2
2007,2007,2,3,0,2,1,3
2008,2008,2,3,0,2,1,4
2009,2009,2,3,0,2,2,0
2010,2010,2,3,0,2,2,1
2011,2011,2,3,0,2,2,2
2012,2012,2,3,0,2,3,0
2013,2013,2,3,0,2,3,1
2014,2014,2,3,0,2,3,2
2015,2015,2,3,0,2,4,0
2016,2016,2,3,0,2,4,1
2017,2017,2,3,0,2,5,0
2018,2018,2,3,0,3,0,2
2019,2019,2,3,0,3,0,4
2020,2020,2,3,0,3,0,5
2021,2021,2,3,0,3,1,1
2022,2022,2,3,0,3,1,2
2023,2023,2,3,0,3,1,3
2024,2024,2,3,0,3,1,4
2025,2025,2,3,0,3,2,0
2026,2026,2,3,0,3,2,1
2027,2027,2,3,0,3,2,2
2028,2028,2,3,0,3,3,0
2029,2029,2,3,0,3,3,1
2030,2030,2,3,0,3,3,2
2031,2031,2,3,0,3,4,0
2032,2032,2,3,0,3,4,1
2033,2033,2,3,0,3,5,0
2034,2034,2,3,0,4,0,2
2035,2035,2,3,0,4,0,3
2036,2036,2,3,0,4,0,5
2037,2037,2,3,0,4,1,1
2038,2038,2,3,0,4,1,2
2039,2039,2,3,0,4,1,3
2040,2040,2,3,0,4,1,4
2041,2041,2,3,0,4,2,0
2042,2042,2,3,0,4,2,1
2043,2043,2,3,0,4,2,2
2044,2044,2,3,0,4,3,0
2045,2045,2,3,0,4,3,1
2046,2046,2,3,0,4,3,2
2047,2047,2,3,0,4,4,0
2048,2048,2,3,0,4,4,1
2049,2049,2,3,0,4,5,0
2050,2050,2,3,0,5,0,2
2051,2051,2,3,0,5,0,3
2052,2052,2,3,0,5,0,4
2053,2053,2,3,0,5,1,1
2054,2054,2,3,0,5,1,2
2055,2055,2,3,0,5,1,3
2056,2056,2,3,0,5,1,4
2057,2057,2,3,0,5,2,0
2058,2058,2,3,0,5,2,1
2059,2059,2,3,0,5,2,2
2060,2060,2,3,0,5,3,0
2061,2061,2,3,0,5,3,1
2062,2062,2,3,0,5,3,2
2063,2063,2,3,0,5,4,0
2064,2064,2,3,0,5,4,1
2065,2065,2,3,0,5,5,0
2066,2066,2,3,1,1,0,2
2067,2067,2,3,1,1,0,3
2068,2068,2,3,1,1,0,4
2069,2069,2,3,1,1,0,5
2070,2070,2,3,1,1,1,2
2071,2071,2,3,1,1,1,3
2072,2072,2,3,1,1,1,4
2073,2073,2,3,1,1,2,0
2074,2074,2,3,1,1,2,1
2075,2075,2,3,1,1,2,2
2076,2076,2,3,1,1,3,0
2077,2077,2,3,1,1,3,1
2078,2078,2,3,1,1,3,2
2079,2079,2,3,1,1,4,0
2080,2080,2,3,1,1,4,1
2081,2081,2,3,1,1,5,0
2082,2082,2,3,1,2,0,2
2083,2083,2,3,1,2,0,3
2084,2084,2,3,1,2,0,4
2085,2085,2,3,1,2,0,5
2086,2086,2,3,1,2,1,1
2087,2087,2,3,1,2,1,3
2088,2088,2,3,1,2,1,4
2089,2089,2,3,1,2,2,0
2090,2090,2,3,1,2,2,1
2091,2091,2,3,1,2,2,2
2092,2092,2,3,1,2,3,0
2093,2093,2,3,1,2,3,1
2094,2094,2,3,1,2,3,2
2095,2095,2,3,1,2,4,0
2096,2096,2,3,1,2,4,1
2097,2097,2,3,1,2,5,0
2098,2098,2,3,1,3,0,2
2099,2099,2,3,1,3,0,3
2100,2100,2,3,1,3,0,4
2101,2101,2,3,1,3,0,5
2102,2102,2,3,1,3,1,1
2103,2103,2,3,1,3,1,2
2104,2104,2,3,1,3,1,4
2105,2105,2,3,1,3,2,0
2106,2106,2,3,1,3,2,1
2107,2107,2,3,1,3,2,2
2108,2108,2,3,1,3,3,0
2109,2109,2,3,1,3,3,1
2110,2110,2,3,1,3,3,2
2111,2111,2,3,1,3,4,0
2112,2112,2,3,1,3,4,1
2113,2113,2,3,1,3,5,0
2114,2114,2,3,1,4,0,2
2115,2115,2,3,1,4,0,3
2116,2116,2,3,1,4,0,4
2117,2117,2,3,1,4,0,5
2118,2118,2,3,1,4,1,1
2119,2119,2,3,1,4,1,2
2120,2120,2,3,1,4,1,3
2121,2121,2,3,1,4,2,0
2122,2122,2,3,1,4,2,1
2123,2123,2,3,1,4,2,2
2124,2124,2,3,1,4,3,0
2125,2125,2,3,1,4,3,1
2126,2126,2,3,1,4,3,2
2127,2127,2,3,1,4,4,0
2128,2128,2,3,1,4,4,1
2129,2129,2,3,1,4,5,0
2130,2130,2,3,2,0,0,2
2131,2131,2,3,2,0,0,3
2132,2132,2,3,2,0,0,4
2133,2133,2,3,2,0,0,5
2134,2134,2,3,2,0,1,1
2135,2135,2,3,2,0,1,2
2136,2136,2,3,2,0,1,3
2137,2137,2,3,2,0,1,4
2138,2138,2,3,2,0,2,1
2139,2139,2,3,2,0,2,2
2140,2140,2,3,2,0,3,0
2141,2141,2,3,2,0,3,1
2142,2142,2,3,2,0,3,2
2143,2143,2,3,2,0,4,0
2144,2144,2,3,2,0,4,1
2145,2145,2,3,2,0,5,0
2146,2146,2,3,2,1,0,2
2147,2147,2,3,2,1,0,3
2148,2148,2,3,2,1,0,4
2149,2149,2,3,2,1,0,5
2150,2150,2,3,2,1,1,1
2151,2151,2,3,2,1,1,2
2152,2152,2,3,2,1,1,3
2153,2153,2,3,2,1,1,4
2154,2154,2,3,2,1,2,0
2155,2155,2,3,2,1,2,2
2156,2156,2,3,2,1,3,0
2157,2157,2,3,2,1,3,1
2158,2158,2,3,2,1,3,2
2159,2159,2,3,2,1,4,0
2160,2160,2,3,2,1,4,1
2161,2161,2,3,2,1,5,0
2162,2162,2,3,2,2,0,2
2163,2163,2,3,2,2,0,3
2164,2164,2,3,2,2,0,4
2165,2165,2,3,2,2,0,5
2166,2166,2,3,2,2,1,1
2167,2167,2,3,2,2,1,2
2168,2168,2,3,2,2,1,3
2169,2169,2,3,2,2,1,4
2170,2170,2,3,2,2,2,0
2171,2171,2,3,2,2,2,1
2172,2172,2,3,2,2,3,0
2173,2173,2,3,2,2,3,1
2174,2174,2,3,2,2,3,2
2175,2175,2,3,2,2,4,0
2176,2176,2,3,2,2,4,1
2177,2177,2,3,2,2,5,0
2178,2178,2,3,3,0,0,2
2179,2179,2,3,3,0,0,3
2180,2180,2,3,3,0,0,4
2181,2181,2,3,3,0,0,5
2182,2182,2,3,3,0,1,1
2183,2183,2,3,3,0,1,2
2184,2184,2,3,3,0,1,3
2185,2185,2,3,3,0,1,4
2186,2186,2,3,3,0,2,0
2187,2187,2,3,3,0,2,1
2188,2188,2,3,3,0,2,2
2189,2189,2,3,3,0,3,1
2190,2190,2,3,3,0,3,2
2191,2191,2,3,3,0,4,0
2192,2192,2,3,3,0,4,1
2193,2193,2,3,3,0,5,0
2194,2194,2,3,3,1,0,2
2195,2195,2,3,3,1,0,3
2196,2196,2,3,3,1,0,4
2197,2197,2,3,3,1,0,5
2198,2198,2,3,3,1,1,1
2199,2199,2,3,3,1,1,2
2200,2200,2,3,3,1,1,3
2201,2201,2,3,3,1,1,4
2202,2202,2,3,3,1,2,0
2203,2203,2,3,3,1,2,1
2204,2204,2,3,3,1,2,2
2205,2205,2,3,3,1,3,0
2206,2206,2,3,3,1,3,2
2207,2207,2,3,3,1,4,0
2208,2208,2,3,3,1,4,1
2209,2209,2,3,3,1,5,0
2210,2210,2,3,3,2,0,2
2211,2211,2,3,3,2,0,3
2212,2212,2,3,3,2,0,4
2213,2213,2,3,3,2,0,5
2214,2214,2,3,3,2,1,1
2215,2215,2,3,3,2,1,2
2216,2216,2,3,3,2,1,3
2217,2217,2,3,3,2,1,4
2218,2218,2,3,3,2,2,0
2219,2219,2,3,3,2,2,1
2220,2220,2,3,3,2,2,2
2221,2221,2,3,3,2,3,0
2222,2222,2,3,3,2,3,1
2223,2223,2,3,3,2,4,0
2224,2224,2,3,3,2,4,1
2225,2225,2,3,3,2,5,0
2226,2226,2,3,4,0,0,2
2227,2227,2,3,4,0,0,3
2228,2228,2,3,4,0,0,4
2229,2229,2,3,4,0,0,5
2230,2230,2,3,4,0,1,1
2231,2231,2,3,4,0,1,2
2232,2232,2,3,4,0,1,3
2233,2233,2,3,4,0,1,4
2234,2234,2,3,4,0,2,0
2235,2235,2,3,4,0,2,1
2236,2236,2,3,4,0,2,2
2237,2237,2,3,4,0,3,0
2238,2238,2,3,4,0,3,1
2239,2239,2,3,4,0,3,2
2240,2240,2,3,4,0,4,1
2241,2241,2,3,4,0,5,0
2242,2242,2,3,4,1,0,2
2243,2243,2,3,4,1,0,3
2244,2244,2,3,4,1,0,4
2245,2245,2,3,4,1,0,5
2246,2246,2,3,4,1,1,1
2247,2247,2,3,4,1,1,2
2248,2248,2,3,4,1,1,3
2249,2249,2,3,4,1,1,4
2250,2250,2,3,4,1,2,0
2251,2251,2,3,4,1,2,1
2252,2252,2,3,4,1,2,2
2253,2253,2,3,4,1,3,0
2254,2254,2,3,4,1,3,1
2255,2255,2,3,4,1,3,2
2256,2256,2,3,4,1,4,0
2257,2257,2,3,4,1,5,0
2258,2258,2,3,5,0,0,2
2259,2259,2,3,5,0,0,3
2260,2260,2,3,5,0,0,4
2261,2261,2,3,5,0,0,5
2262,2262,2,3,5,0,1,1
2263,2263,2,3,5,0,1,2
2264,2264,2,3,5,0,1,3
2265,2265,2,3,5,0,1,4
2266,2266,2,3,5,0,2,0
2267,2267,2,3,5,0,2,1
2268,2268,2,3,5,0,2,2
2269,2269,2,3,5,0,3,0
2270,2270,2,3,5,0,3,1
2271,2271,2,3,5,0,3,2
2272,2272,2,3,5,0,4,0
2273,2273,2,3,5,0,4,1
2274,2274,3,0,0,2,0,5
2275,2275,3,0,0,2,1,4
2276,2276,3,0,0,2,2,3
2277,2277,3,0,0,2,3,2
2278,2278,3,0,0,2,4,1
2279,2279,3,0,0,2,5,0
2280,2280,3,0,0,3,0,5
2281,2281,3,0,0,3,1,4
2282,2282,3,0,0,3,2,3
2283,2283,3,0,0,3,3,2
2284,2284,3,0,0,3,4,1
2285,2285,3,0,0,3,5,0
2286,2286,3,0,0,4,0,5
2287,2287,3,0,0,4,1,4
2288,2288,3,0,0,4,2,3
2289,2289,3,0,0,4,3,2
2290,2290,3,0,0,4,4,1
2291,2291,3,0,0,4,5,0
2292,2292,3,0,0,5,0,2
2293,2293,3,0,0,5,0,3
2294,2294,3,0,0,5,0,4
2295,2295,3,0,0,5,1,1
2296,2296,3,0,0,5,1,2
2297,2297,3,0,0,5,1,3
2298,2298,3,0,0,5,1,4
2299,2299,3,0,0,5,2,0
2300,2300,3,0,0,5,2,1
2301,2301,3,0,0,5,2,2
2302,2302,3,0,0,5,2,3
2303,2303,3,0,0,5,3,1
2304,2304,3,0,0,5,3,2
2305,2305,3,0,0,5,4,0
2306,2306,3,0,0,5,4,1
2307,2307,3,0,0,5,5,0
2308,2308,3,0,1,1,0,5
2309,2309,3,0,1,1,1,4
2310,2310,3,0,1,1,2,3
2311,2311,3,0,1,1,3,2
2312,2312,3,0,1,1,4,1
2313,2313,3,0,1,1,5,0
2314,2314,3,0,1,2,0,5
2315,2315,3,0,1,2,1,4
2316,2316,3,0,1,2,2,3
2317,2317,3,0,1,2,3,2
2318,2318,3,0,1,2,4,1
2319,2319,3,0,1,2,5,0
2320,2320,3,0,1,3,0,5
2321,2321,3,0,1,3,1,4
2322,2322,3,0,1,3,2,3
2323,2323,3,0,1,3,3,2
2324,2324,3,0,1,3,4,1
2325,2325,3,0,1,3,5,0
2326,2326,3,0,1,4,0,2
2327,2327,3,0,1,4,0,3
2328,2328,3,0,1,4,0,4
2329,2329,3,0,1,4,0,5
2330,2330,3,0,1,4,1,1
2331,2331,3,0,1,4,1,2
2332,2332,3,0,1,4,1,3
2333,2333,3,0,1,4,2,0
2334,2334,3,0,1,4,2,1
2335,2335,3,0,1,4,2,2
2336,2336,3,0,1,4,2,3
2337,2337,3,0,1,4,3,1
2338,2338,3,0,1,4,3,2
2339,2339,3,0,1,4,4,0
2340,2340,3,0,1,4,4,1
2341,2341,3,0,1,4,5,0
2342,2342,3,0,2,0,0,5
2343,2343,3,0,2,0,1,4
2344,2344,3,0,2,0,2,3
2345,2345,3,0,2,0,3,2
2346,2346,3,0,2,0,4,1
2347,2347,3,0,2,0,5,0
2348,2348,3,0,2,1,0,5
2349,2349,3,0,2,1,1,4
2350,2350,3,0,2,1,2,3
2351,2351,3,0,2,1,3,2
2352,2352,3,0,2,1,4,1
2353,2353,3,0,2,1,5,0
2354,2354,3,0,2,2,0,5
2355,2355,3,0,2,2,1,4
2356,2356,3,0,2,2,2,3
2357,2357,3,0,2,2,3,2
2358,2358,3,0,2,2,4,1
2359,2359,3,0,2,2,5,0
2360,2360,3,0,2,3,0,2
2361,2361,3,0,2,3,0,3
2362,2362,3,0,2,3,0,4
2363,2363,3,0,2,3,0,5
2364,2364,3,0,2,3,1,1
2365,2365,3,0,2,3,1,2
2366,2366,3,0,2,3,1,3
2367,2367,3,0,2,3,1,4
2368,2368,3,0,2,3,2,0
2369,2369,3,0,2,3,2,1
2370,2370,3,0,2,3,2,2
2371,2371,3,0,2,3,3,1
2372,2372,3,0,2,3,3,2
2373,2373,3,0,2,3,4,0
2374,2374,3,0,2,3,4,1
2375,2375,3,0,2,3,5,0
2376,2376,3,0,3,1,0,5
2377,2377,3,0,3,1,1,4
2378,2378,3,0,3,1,2,3
2379,2379,3,0,3,1,3,2
2380,2380,3,0,3,1,4,1
2381,2381,3,0,3,1,5,0
2382,2382,3,0,3,2,0,2
2383,2383,3,0,3,2,0,3
2384,2384,3,0,3,2,0,4
2385,2385,3,0,3,2,0,5
2386,2386,3,0,3,2,1,1
2387,2387,3,0,3,2,1,2
2388,2388,3,0,3,2,1,3
2389,2389,3,0,3,2,1,4
2390,2390,3,0,3,2,2,0
2391,2391,3,0,3,2,2,1
2392,2392,3,0,3,2,2,2
2393,2393,3,0,3,2,2,3
2394,2394,3,0,3,2,3,1
2395,2395,3,0,3,2,4,0
2396,2396,3,0,3,2,4,1
2397,2397,3,0,3,2,5,0
2398,2398,3,0,4,0,0,5
2399,2399,3,0,4,0,1,4
2400,2400,3,0,4,0,2,3
2401,2401,3,0,4,0,3,2
2402,2402,3,0,4,0,4,1
2403,2403,3,0,4,0,5,0
2404,2404,3,0,4,1,0,2
2405,2405,3,0,4,1,0,3
2406,2406,3,0,4,1,0,4
2407,2407,3,0,4,1,0,5
2408,2408,3,0,4,1,1,1
2409,2409,3,0,4,1,1,2
2410,2410,3,0,4,1,1,3
2411,2411,3,0,4,1,1,4
2412,2412,3,0,4,1,2,0
2413,2413,3,0,4,1,2,1
2414,2414,3,0,4,1,2,2
2415,2415,3,0,4,1,2,3
2416,2416,3,0,4,1,3,1
2417,2417,3,0,4,1,3,2
2418,2418,3,0,4,1,4,0
2419,2419,3,0,4,1,5,0
2420,2420,3,0,5,0,0,2
2421,2421,3,0,5,0,0,3
2422,2422,3,0,5,0,0,4
2423,2423,3,0,5,0,0,5
2424,2424,3,0,5,0,1,1
2425,2425,3,0,5,0,1,2
2426,2426,3,0,5,0,1,3
2427,2427,3,0,5,0,1,4
2428,2428,3,0,5,0,2,0
2429,2429,3,0,5,0,2,1
2430,2430,3,0,5,0,2,2
2431,2431,3,0,5,0,2,3
2432,2432,3,0,5,0,3,1
2433,2433,3,0,5,0,3,2
2434,2434,3,0,5,0,4,0
2435,2435,3,0,5,0,4,1
2436,2436,3,1,0,2,0,5
2437,2437,3,1,0,2,1,4
2438,2438,3,1,0,2,2,3
2439,2439,3,1,0,2,3,2
2440,2440,3,1,0,2,4,1
2441,2441,3,1,0,2,5,0
2442,2442,3,1,0,3,0,5
2443,2443,3,1,0,3,1,4
2444,2444,3,1,0,3,2,3
2445,2445,3,1,0,3,3,2
2446,2446,3,1,0,3,4,1
2447,2447,3,1,0,3,5,0
2448,2448,3,1,0,4,0,5
2449,2449,3,1,0,4,1,4
2450,2450,3,1,0,4,2,3
2451,2451,3,1,0,4,3,2
2452,2452,3,1,0,4,4,1
2453,2453,3,1,0,4,5,0
2454,2454,3,1,0,5,0,2
2455,2455,3,1,0,5,0,3
2456,2456,3,1,0,5,0,4
2457,2457,3,1,0,5,1,1
2458,2458,3,1,0,5,1,2
2459,2459,3,1,0,5,1,3
2460,2460,3,1,0,5,1,4
2461,2461,3,1,0,5,2,0
2462,2462,3,1,0,5,2,1
2463,2463,3,1,0,5,2,2
2464,2464,3,1,0,5,2,3
2465,2465,3,1,0,5,3,0
2466,2466,3,1,0,5,3,2
2467,2467,3,1,0,5,4,0
2468,2468,3,1,0,5,4,1
2469,2469,3,1,0,5,5,0
2470,2470,3,1,1,1,0,5
2471,2471,3,1,1,1,1,4
2472,2472,3,1,1,1,2,3
2473,2473,3,1,1,1,3,2
2474,2474,3,1,1,1,4,1
2475,2475,3,1,1,1,5,0
2476,2476,3,1,1,2,0,5
2477,2477,3,1,1,2,1,4
2478,2478,3,1,1,2,2,3
2479,2479,3,1,1,2,3,2
2480,2480,3,1,1,2,4,1
2481,2481,3,1,1,2,5,0
2482,2482,3,1,1,3,0,5
2483,2483,3,1,1,3,1,4
2484,2484,3,1,1,3,2,3
2485,2485,3,1,1,3,3,2
2486,2486,3,1,1,3,4,1
2487,2487,3,1,1,3,5,0
2488,2488,3,1,1,4,0,2
2489,2489,3,1,1,4,0,3
2490,2490,3,1,1,4,0,4
2491,2491,3,1,1,4,0,5
2492,2492,3,1,1,4,1,1
2493,2493,3,1,1,4,1,2
2494,2494,3,1,1,4,1,3
2495,2495,3,1,1,4,2,0
2496,2496,3,1,1,4,2,1
2497,2497,3,1,1,4,2,2
2498,2498,3,1,1,4,2,3
2499,2499,3,1,1,4,3,0
2500,2500,3,1,1,4,3,2
2501,2501,3,1,1,4,4,0
2502,2502,3,1,1,4,4,1
2503,2503,3,1,1,4,5,0
2504,2504,3,1,2,0,0,5
2505,2505,3,1,2,0,1,4
2506,2506,3,1,2,0,2,3
2507,2507,3,1,2,0,3,2
2508,2508,3,1,2,0,4,1
2509,2509,3,1,2,0,5,0
2510,2510,3,1,2,1,0,5
2511,2511,3,1,2,1,1,4
2512,2512,3,1,2,1,2,3
2513,2513,3,1,2,1,3,2
2514,2514,3,1,2,1,4,1
2515,2515,3,1,2,1,5,0
2516,2516,3,1,2,2,0,5
2517,2517,3,1,2,2,1,4
2518,2518,3,1,2,2,2,3
2519,2519,3,1,2,2,3,2
2520,2520,3,1,2,2,4,1
2521,2521,3,1,2,2,5,0
2522,2522,3,1,2,3,0,2
2523,2523,3,1,2,3,0,3
2524,2524,3,1,2,3,0,4
2525,2525,3,1,2,3,0,5
2526,2526,3,1,2,3,1,1
2527,2527,3,1,2,3,1,2
2528,2528,3,1,2,3,1,3
2529,2529,3,1,2,3,1,4
2530,2530,3,1,2,3,2,0
2531,2531,3,1,2,3,2,1
2532,2532,3,1,2,3,2,2
2533,2533,3,1,2,3,3,0
2534,2534,3,1,2,3,3,2
2535,2535,3,1,2,3,4,0
2536,2536,3,1,2,3,4,1
2537,2537,3,1,2,3,5,0
2538,2538,3,1,3,0,0,5
2539,2539,3,1,3,0,1,4
2540,2540,3,1,3,0,2,3
2541,2541,3,1,3,0,3,2
2542,2542,3,1,3,0,4,1
2543,2543,3,1,3,0,5,0
2544,2544,3,1,3,2,0,2
2545,2545,3,1,3,2,0,3
2546,2546,3,1,3,2,0,4
2547,2547,3,1,3,2,0,5
2548,2548,3,1,3,2,1,1
2549,2549,3,1,3,2,1,2
2550,2550,3,1,3,2,1,3
2551,2551,3,1,3,2,1,4
2552,2552,3,1,3,2,2,0
2553,2553,3,1,3,2,2,1
2554,2554,3,1,3,2,2,2
2555,2555,3,1,3,2,2,3
2556,2556,3,1,3,2,3,0
2557,2557,3,1,3,2,4,0
2558,2558,3,1,3,2,4,1
2559,2559,3,1,3,2,5,0
2560,2560,3,1,4,0,0,5
2561,2561,3,1,4,0,1,4
2562,2562,3,1,4,0,2,3
2563,2563,3,1,4,0,3,2
2564,2564,3,1,4,0,4,1
2565,2565,3,1,4,0,5,0
2566,2566,3,1,4,1,0,2
2567,2567,3,1,4,1,0,3
2568,2568,3,1,4,1,0,4
2569,2569,3,1,4,1,0,5
2570,2570,3,1,4,1,1,1
2571,2571,3,1,4,1,1,2
2572,2572,3,1,4,1,1,3
2573,2573,3,1,4,1,1,4
2574,2574,3,1,4,1,2,0
2575,2575,3,1,4,1,2,1
2576,2576,3,1,4,1,2,2
2577,2577,3,1,4,1,2,3
2578,2578,3,1,4,1,3,0
2579,2579,3,1,4,1,3,2
2580,2580,3,1,4,1,4,0
2581,2581,3,1,4,1,5,0
2582,2582,3,1,5,0,0,2
2583,2583,3,1,5,0,0,3
2584,2584,3,1,5,0,0,4
2585,2585,3,1,5,0,0,5
2586,2586,3,1,5,0,1,1
2587,2587,3,1,5,0,1,2
2588,2588,3,1,5,0,1,3
2589,2589,3,1,5,0,1,4
2590,2590,3,1,5,0,2,0
2591,2591,3,1,5,0,2,1
2592,2592,3,1,5,0,2,2
2593,2593,3,1,5,0,2,3
2594,2594,3,1,5,0,3,0
2595,2595,3,1,5,0,3,2
2596,2596,3,1,5,0,4,0
2597,2597,3,1,5,0,4,1
2598,2598,3,2,0,2,0,3
2599,2599,3,2,0,2,0,4
2600,2600,3,2,0,2,0,5
2601,2601,3,2,0,2,1,1
2602,2602,3,2,0,2,1,2
2603,2603,3,2,0,2,1,3
2604,2604,3,2,0,2,1,4
2605,2605,3,2,0,2,2,0
2606,2606,3,2,0,2,2,1
2607,2607,3,2,0,2,2,2
2608,2608,3,2,0,2,2,3
2609,2609,3,2,0,2,3,0
2610,2610,3,2,0,2,3,1
2611,2611,3,2,0,2,4,0
2612,2612,3,2,0,2,4,1
2613,2613,3,2,0,2,5,0
2614,2614,3,2,0,3,0,2
2615,2615,3,2,0,3,0,4
2616,2616,3,2,0,3,0,5
2617,2617,3,2,0,3,1,1
2618,2618,3,2,0,3,1,2
2619,2619,3,2,0,3,1,3
2620,2620,3,2,0,3,1,4
2621,2621,3,2,0,3,2,0
2622,2622,3,2,0,3,2,1
2623,2623,3,2,0,3,2,2
2624,2624,3,2,0,3,2,3
2625,2625,3,2,0,3,3,0
2626,2626,3,2,0,3,3,1
2627,2627,3,2,0,3,4,0
2628,2628,3,2,0,3,4,1
2629,2629,3,2,0,3,5,0
2630,2630,3,2,0,4,0,2
2631,2631,3,2,0,4,0,3
2632,2632,3,2,0,4,0,5
2633,2633,3,2,0,4,1,1
2634,2634,3,2,0,4,1,2
2635,2635,3,2,0,4,1,3
2636,2636,3,2,0,4,1,4
2637,2637,3,2,0,4,2,0
2638,2638,3,2,0,4,2,1
2639,2639,3,2,0,4,2,2
2640,2640,3,2,0,4,2,3
2641,2641,3,2,0,4,3,0
2642,2642,3,2,0,4,3,1
2643,2643,3,2,0,4,4,0
2644,2644,3,2,0,4,4,1
2645,2645,3,2,0,4,5,0
2646,2646,3,2,0,5,0,2
2647,2647,3,2,0,5,0,3
2648,2648,3,2,0,5,0,4
2649,2649,3,2,0,5,1,1
2650,2650,3,2,0,5,1,2
2651,2651,3,2,0,5,1,3
2652,2652,3,2,0,5,1,4
2653,2653,3,2,0,5,2,0
2654,2654,3,2,0,5,2,1
2655,2655,3,2,0,5,2,2
2656,2656,3,2,0,5,2,3
2657,2657,3,2,0,5,3,0
2658,2658,3,2,0,5,3,1
2659,2659,3,2,0,5,4,0
2660,2660,3,2,0,5,4,1
2661,2661,3,2,0,5,5,0
2662,2662,3,2,1,1,0,2
2663,2663,3,2,1,1,0,3
2664,2664,3,2,1,1,0,4
2665,2665,3,2,1,1,0,5
2666,2666,3,2,1,1,1,2
2667,2667,3,2,1,1,1,3
2668,2668,3,2,1,1,1,4
2669,2669,3,2,1,1,2,0
2670,2670,3,2,1,1,2,1
2671,2671,3,2,1,1,2,2
2672,2672,3,2,1,1,2,3
2673,2673,3,2,1,1,3,0
2674,2674,3,2,1,1,3,1
2675,2675,3,2,1,1,4,0
2676,2676,3,2,1,1,4,1
2677,2677,3,2,1,1,5,0
2678,2678,3,2,1,2,0,2
2679,2679,3,2,1,2,0,3
2680,2680,3,2,1,2,0,4
2681,2681,3,2,1,2,0,5
2682,2682,3,2,1,2,1,1
2683,2683,3,2,1,2,1,3
2684,2684,3,2,1,2,1,4
2685,2685,3,2,1,2,2,0
2686,2686,3,2,1,2,2,1
2687,2687,3,2,1,2,2,2
2688,2688,3,2,1,2,2,3
2689,2689,3,2,1,2,3,0
2690,2690,3,2,1,2,3,1
2691,2691,3,2,1,2,4,0
2692,2692,3,2,1,2,4,1
2693,2693,3,2,1,2,5,0
2694,2694,3,2,1,3,0,2
2695,2695,3,2,1,3,0,3
2696,2696,3,2,1,3,0,4
2697,2697,3,2,1,3,0,5
2698,2698,3,2,1,3,1,1
2699,2699,3,2,1,3,1,2
2700,2700,3,2,1,3,1,4
2701,2701,3,2,1,3,2,0
2702,2702,3,2,1,3,2,1
2703,2703,3,2,1,3,2,2
2704,2704,3,2,1,3,2,3
2705,2705,3,2,1,3,3,0
2706,2706,3,2,1,3,3,1
2707,2707,3,2,1,3,4,0
2708,2708,3,2,1,3,4,1
2709,2709,3,2,1,3,5,0
2710,2710,3,2,1,4,0,2
2711,2711,3,2,1,4,0,3
2712,2712,3,2,1,4,0,4
2713,2713,3,2,1,4,0,5
2714,2714,3,2,1,4,1,1
2715,2715,3,2,1,4,1,2
2716,2716,3,2,1,4,1,3
2717,2717,3,2,1,4,2,0
2718,2718,3,2,1,4,2,1
2719,2719,3,2,1,4,2,2
2720,2720,3,2,1,4,2,3
2721,2721,3,2,1,4,3,0
2722,2722,3,2,1,4,3,1
2723,2723,3,2,1,4,4,0
2724,2724,3,2,1,4,4,1
2725,2725,3,2,1,4,5,0
2726,2726,3,2,2,0,0,2
2727,2727,3,2,2,0,0,3
2728,2728,3,2,2,0,0,4
2729,2729,3,2,2,0,0,5
2730,2730,3,2,2,0,1,1
2731,2731,3,2,2,0,1,2
2732,2732,3,2,2,0,1,3
2733,2733,3,2,2,0,1,4
2734,2734,3,2,2,0,2,1
2735,2735,3,2,2,0,2,2
2736,2736,3,2,2,0,2,3
2737,2737,3,2,2,0,3,0
2738,2738,3,2,2,0,3,1
2739,2739,3,2,2,0,4,0
2740,2740,3,2,2,0,4,1
2741,2741,3,2,2,0,5,0
2742,2742,3,2,2,1,0,2
2743,2743,3,2,2,1,0,3
2744,2744,3,2,2,1,0,4
2745,2745,3,2,2,1,0,5
2746,2746,3,2,2,1,1,1
2747,2747,3,2,2,1,1,2
2748,2748,3,2,2,1,1,3
2749,2749,3,2,2,1,1,4
2750,2750,3,2,2,1,2,0
2751,2751,3,2,2,1,2,2
2752,2752,3,2,2,1,2,3
2753,2753,3,2,2,1,3,0
2754,2754,3,2,2,1,3,1
2755,2755,3,2,2,1,4,0
2756,2756,3,2,2,1,4,1
2757,2757,3,2,2,1,5,0
2758,2758,3,2,2,2,0,2
2759,2759,3,2,2,2,0,3
2760,2760,3,2,2,2,0,4
2761,2761,3,2,2,2,0,5
2762,2762,3,2,2,2,1,1
2763,2763,3,2,2,2,1,2
2764,2764,3,2,2,2,1,3
2765,2765,3,2,2,2,1,4
2766,2766,3,2,2,2,2,0
2767,2767,3,2,2,2,2,1
2768,2768,3,2,2,2,2,3
2769,2769,3,2,2,2,3,0
2770,2770,3,2,2,2,3,1
2771,2771,3,2,2,2,4,0
2772,2772,3,2,2,2,4,1
2773,2773,3,2,2,2,5,0
2774,2774,3,2,2,3,0,2
2775,2775,3,2,2,3,0,3
2776,2776,3,2,2,3,0,4
2777,2777,3,2,2,3,0,5
2778,2778,3,2,2,3,1,1
2779,2779,3,2,2,3,1,2
2780,2780,3,2,2,3,1,3
2781,2781,3,2,2,3,1,4
2782,2782,3,2,2,3,2,0
2783,2783,3,2,2,3,2,1
2784,2784,3,2,2,3,2,2
2785,2785,3,2,2,3,3,0
2786,2786,3,2,2,3,3,1
2787,2787,3,2,2,3,4,0
2788,2788,3,2,2,3,4,1
2789,2789,3,2,2,3,5,0
2790,2790,3,2,3,0,0,2
2791,2791,3,2,3,0,0,3
2792,2792,3,2,3,0,0,4
2793,2793,3,2,3,0,0,5
2794,2794,3,2,3,0,1,1
2795,2795,3,2,3,0,1,2
2796,2796,3,2,3,0,1,3
2797,2797,3,2,3,0,1,4
2798,2798,3,2,3,0,2,0
2799,2799,3,2,3,0,2,1
2800,2800,3,2,3,0,2,2
2801,2801,3,2,3,0,2,3
2802,2802,3,2,3,0,3,1
2803,2803,3,2,3,0,4,0
2804,2804,3,2,3,0,4,1
2805,2805,3,2,3,0,5,0
2806,2806,3,2,3,1,0,2
2807,2807,3,2,3,1,0,3
2808,2808,3,2,3,1,0,4
2809,2809,3,2,3,1,0,5
2810,2810,3,2,3,1,1,1
2811,2811,3,2,3,1,1,2
2812,2812,3,2,3,1,1,3
2813,2813,3,2,3,1,1,4
2814,2814,3,2,3,1,2,0
2815,2815,3,2,3,1,2,1
2816,2816,3,2,3,1,2,2
2817,2817,3,2,3,1,2,3
2818,2818,3,2,3,1,3,0
2819,2819,3,2,3,1,4,0
2820,2820,3,2,3,1,4,1
2821,2821,3,2,3,1,5,0
2822,2822,3,2,4,0,0,2
2823,2823,3,2,4,0,0,3
2824,2824,3,2,4,0,0,4
2825,2825,3,2,4,0,0,5
2826,2826,3,2,4,0,1,1
2827,2827,3,2,4,0,1,2
2828,2828,3,2,4,0,1,3
2829,2829,3,2,4,0,1,4
2830,2830,3,2,4,0,2,0
2831,2831,3,2,4,0,2,1
2832,2832,3,2,4,0,2,2
2833,2833,3,2,4,0,2,3
2834,2834,3,2,4,0,3,0
2835,2835,3,2,4,0,3,1
2836,2836,3,2,4,0,4,1
2837,2837,3,2,4,0,5,0
2838,2838,3,2,4,1,0,2
2839,2839,3,2,4,1,0,3
2840,2840,3,2,4,1,0,4
2841,2841,3,2,4,1,0,5
2842,2842,3,2,4,1,1,1
2843,2843,3,2,4,1,1,2
2844,2844,3,2,4,1,1,3
2845,2845,3,2,4,1,1,4
2846,2846,3,2,4,1,2,0
2847,2847,3,2,4,1,2,1
2848,2848,3,2,4,1,2,2
2849,2849,3,2,4,1,2,3
2850,2850,3,2,4,1,3,0
2851,2851,3,2,4,1,3,1
2852,2852,3,2,4,1,4,0
2853,2853,3,2,4,1,5,0
2854,2854,3,2,5,0,0,2
2855,2855,3,2,5,0,0,3
2856,2856,3,2,5,0,0,4
2857,2857,3,2,5,0,0,5
2858,2858,3,2,5,0,1,1
2859,2859,3,2,5,0,1,2
2860,2860,3,2,5,0,1,3
2861,2861,3,2,5,0,1,4
2862,2862,3,2,5,0,2,0
2863,2863,3,2,5,0,2,1
2864,2864,3,2,5,0,2,2
2865,2865,3,2,5,0,2,3
2866,2866,3,2,5,0,3,0
2867,2867,3,2,5,0,3,1
2868,2868,3,2,5,0,4,0
2869,2869,3,2,5,0,4,1
2870,2870,4,0,0,2,0,5
2871,2871,4,0,0,2,1,4
2872,2872,4,0,0,2,2,3
2873,2873,4,0,0,2,3,2
2874,2874,4,0,0,2,4,1
2875,2875,4,0,0,2,5,0
2876,2876,4,0,0,3,0,5
2877,2877,4,0,0,3,1,4
2878,2878,4,0,0,3,2,3
2879,2879,4,0,0,3,3,2
2880,2880,4,0,0,3,4,1
2881,2881,4,0,0,3,5,0
2882,2882,4,0,0,4,0,5
2883,2883,4,0,0,4,1,4
2884,2884,4,0,0,4,2,3
2885,2885,4,0,0,4,3,2
2886,2886,4,0,0,4,4,1
2887,2887,4,0,0,4,5,0
2888,2888,4,0,0,5,0,2
2889,2889,4,0,0,5,0,3
2890,2890,4,0,0,5,0,4
2891,2891,4,0,0,5,1,1
2892,2892,4,0,0,5,1,2
2893,2893,4,0,0,5,1,3
2894,2894,4,0,0,5,1,4
2895,2895,4,0,0,5,2,0
2896,2896,4,0,0,5,2,1
2897,2897,4,0,0,5,2,2
2898,2898,4,0,0,5,2,3
2899,2899,4,0,0,5,3,0
2900,2900,4,0,0,5,3,1
2901,2901,4,0,0,5,3,2
2902,2902,4,0,0,5,4,1
2903,2903,4,0,0,5,5,0
2904,2904,4,0,1,1,0,5
2905,2905,4,0,1,1,1,4
2906,2906,4,0,1,1,2,3
2907,2907,4,0,1,1,3,2
2908,2908,4,0,1,1,4,1
2909,2909,4,0,1,1,5,0
2910,2910,4,0,1,2,0,5
2911,2911,4,0,1,2,1,4
2912,2912,4,0,1,2,2,3
2913,2913,4,0,1,2,3,2
2914,2914,4,0,1,2,4,1
2915,2915,4,0,1,2,5,0
2916,2916,4,0,1,3,0,5
2917,2917,4,0,1,3,1,4
2918,2918,4,0,1,3,2,3
2919,2919,4,0,1,3,3,2
2920,2920,4,0,1,3,4,1
2921,2921,4,0,1,3,5,0
2922,2922,4,0,1,4,0,2
2923,2923,4,0,1,4,0,3
2924,2924,4,0,1,4,0,4
2925,2925,4,0,1,4,0,5
2926,2926,4,0,1,4,1,1
2927,2927,4,0,1,4,1,2
2928,2928,4,0,1,4,1,3
2929,2929,4,0,1,4,2,0
2930,2930,4,0,1,4,2,1
2931,2931,4,0,1,4,2,2
2932,2932,4,0,1,4,2,3
2933,2933,4,0,1,4,3,0
2934,2934,4,0,1,4,3,1
2935,2935,4,0,1,4,3,2
2936,2936,4,0,1,4,4,1
2937,2937,4,0,1,4,5,0
2938,2938,4,0,2,0,0,5
2939,2939,4,0,2,0,1,4
2940,2940,4,0,2,0,2,3
2941,2941,4,0,2,0,3,2
2942,2942,4,0,2,0,4,1
2943,2943,4,0,2,0,5,0
2944,2944,4,0,2,1,0,5
2945,2945,4,0,2,1,1,4
2946,2946,4,0,2,1,2,3
2947,2947,4,0,2,1,3,2
2948,2948,4,0,2,1,4,1
2949,2949,4,0,2,1,5,0
2950,2950,4,0,2,2,0,5
2951,2951,4,0,2,2,1,4
2952,2952,4,0,2,2,2,3
2953,2953,4,0,2,2,3,2
2954,2954,4,0,2,2,4,1
2955,2955,4,0,2,2,5,0
2956,2956,4,0,2,3,0,2
2957,2957,4,0,2,3,0,3
2958,2958,4,0,2,3,0,4
2959,2959,4,0,2,3,0,5
2960,2960,4,0,2,3,1,1
2961,2961,4,0,2,3,1,2
2962,2962,4,0,2,3,1,3
2963,2963,4,0,2,3,1,4
2964,2964,4,0,2,3,2,0
2965,2965,4,0,2,3,2,1
2966,2966,4,0,2,3,2,2
2967,2967,4,0,2,3,3,0
2968,2968,4,0,2,3,3,1
2969,2969,4,0,2,3,3,2
2970,2970,4,0,2,3,4,1
2971,2971,4,0,2,3,5,0
2972,2972,4,0,3,0,0,5
2973,2973,4,0,3,0,1,4
2974,2974,4,0,3,0,2,3
2975,2975,4,0,3,0,3,2
2976,2976,4,0,3,0,4,1
2977,2977,4,0,3,0,5,0
2978,2978,4,0,3,1,0,5
2979,2979,4,0,3,1,1,4
2980,2980,4,0,3,1,2,3
2981,2981,4,0,3,1,3,2
2982,2982,4,0,3,1,4,1
2983,2983,4,0,3,1,5,0
2984,2984,4,0,3,2,0,2
2985,2985,4,0,3,2,0,3
2986,2986,4,0,3,2,0,4
2987,2987,4,0,3,2,0,5
2988,2988,4,0,3,2,1,1
2989,2989,4,0,3,2,1,2
2990,2990,4,0,3,2,1,3
2991,2991,4,0,3,2,1,4
2992,2992,4,0,3,2,2,0
2993,2993,4,0,3,2,2,1
2994,2994,4,0,3,2,2,2
2995,2995,4,0,3,2,2,3
2996,2996,4,0,3,2,3,0
2997,2997,4,0,3,2,3,1
2998,2998,4,0,3,2,4,1
2999,2999,4,0,3,2,5,0
3000,3000,4,0,4,1,0,2
3001,3001,4,0,4,1,0,3
3002,3002,4,0,4,1,0,4
3003,3003,4,0,4,1,0,5
3004,3004,4,0,4,1,1,1
3005,3005,4,0,4,1,1,2
3006,3006,4,0,4,1,1,3
3007,3007,4,0,4,1,1,4
3008,3008,4,0,4,1,2,0
3009,3009,4,0,4,1,2,1
3010,3010,4,0,4,1,2,2
3011,3011,4,0,4,1,2,3
3012,3012,4,0,4,1,3,0
3013,3013,4,0,4,1,3,1
3014,3014,4,0,4,1,3,2
3015,3015,4,0,4,1,5,0
3016,3016,4,0,5,0,0,2
3017,3017,4,0,5,0,0,3
3018,3018,4,0,5,0,0,4
3019,3019,4,0,5,0,0,5
3020,3020,4,0,5,0,1,1
3021,3021,4,0,5,0,1,2
3022,3022,4,0,5,0,1,3
3023,3023,4,0,5,0,1,4
3024,3024,4,0,5,0,2,0
3025,3025,4,0,5,0,2,1
3026,3026,4,0,5,0,2,2
3027,3027,4,0,5,0,2,3
3028,3028,4,0,5,0,3,0
3029,3029,4,0,5,0,3,1
3030,3030,4,0,5,0,3,2
3031,3031,4,0,5,0,4,1
3032,3032,4,1,0,2,0,3
3033,3033,4,1,0,2,0,4
3034,3034,4,1,0,2,0,5
3035,3035,4,1,0,2,1,1
3036,3036,4,1,0,2,1,2
3037,3037,4,1,0,2,1,3
3038,3038,4,1,0,2,1,4
3039,3039,4,1,0,2,2,0
3040,3040,4,1,0,2,2,1
3041,3041,4,1,0,2,2,2
3042,3042,4,1,0,2,2,3
3043,3043,4,1,0,2,3,0
3044,3044,4,1,0,2,3,1
3045,3045,4,1,0,2,3,2
3046,3046,4,1,0,2,4,0
3047,3047,4,1,0,2,5,0
3048,3048,4,1,0,3,0,2
3049,3049,4,1,0,3,0,4
3050,3050,4,1,0,3,0,5
3051,3051,4,1,0,3,1,1
3052,3052,4,1,0,3,1,2
3053,3053,4,1,0,3,1,3
3054,3054,4,1,0,3,1,4
3055,3055,4,1,0,3,2,0
3056,3056,4,1,0,3,2,1
3057,3057,4,1,0,3,2,2
3058,3058,4,1,0,3,2,3
3059,3059,4,1,0,3,3,0
3060,3060,4,1,0,3,3,1
3061,3061,4,1,0,3,3,2
3062,3062,4,1,0,3,4,0
3063,3063,4,1,0,3,5,0
3064,3064,4,1,0,4,0,2
3065,3065,4,1,0,4,0,3
3066,3066,4,1,0,4,0,5
3067,3067,4,1,0,4,1,1
3068,3068,4,1,0,4,1,2
3069,3069,4,1,0,4,1,3
3070,3070,4,1,0,4,1,4
3071,3071,4,1,0,4,2,0
3072,3072,4,1,0,4,2,1
3073,3073,4,1,0,4,2,2
3074,3074,4,1,0,4,2,3
3075,3075,4,1,0,4,3,0
3076,3076,4,1,0,4,3,1
3077,3077,4,1,0,4,3,2
3078,3078,4,1,0,4,4,0
3079,3079,4,1,0,4,5,0
3080,3080,4,1,0,5,0,2
3081,3081,4,1,0,5,0,3
3082,3082,4,1,0,5,0,4
3083,3083,4,1,0,5,1,1
3084,3084,4,1,0,5,1,2
3085,3085,4,1,0,5,1,3
3086,3086,4,1,0,5,1,4
3087,3087,4,1,0,5,2,0
3088,3088,4,1,0,5,2,1
3089,3089,4,1,0,5,2,2
3090,3090,4,1,0,5,2,3
3091,3091,4,1,0,5,3,0
3092,3092,4,1,0,5,3,1
3093,3093,4,1,0,5,3,2
3094,3094,4,1,0,5,4,0
3095,3095,4,1,0,5,5,0
3096,3096,4,1,1,1,0,2
3097,3097,4,1,1,1,0,3
3098,3098,4,1,1,1,0,4
3099,3099,4,1,1,1,0,5
3100,3100,4,1,1,1,1,2
3101,3101,4,1,1,1,1,3
3102,3102,4,1,1,1,1,4
3103,3103,4,1,1,1,2,0
3104,3104,4,1,1,1,2,1
3105,3105,4,1,1,1,2,2
3106,3106,4,1,1,1,2,3
3107,3107,4,1,1,1,3,0
3108,3108,4,1,1,1,3,1
3109,3109,4,1,1,1,3,2
3110,3110,4,1,1,1,4,0
3111,3111,4,1,1,1,5,0
3112,3112,4,1,1,2,0,2
3113,3113,4,1,1,2,0,3
3114,3114,4,1,1,2,0,4
3115,3115,4,1,1,2,0,5
3116,3116,4,1,1,2,1,1
3117,3117,4,1,1,2,1,3
3118,3118,4,1,1,2,1,4
3119,3119,4,1,1,2,2,0
3120,3120,4,1,1,2,2,1
3121,3121,4,1,1,2,2,2
3122,3122,4,1,1,2,2,3
3123,3123,4,1,1,2,3,0
3124,3124,4,1,1,2,3,1
3125,3125,4,1,1,2,3,2
3126,3126,4,1,1,2,4,0
3127,3127,4,1,1,2,5,0
3128,3128,4,1,1,3,0,2
3129,3129,4,1,1,3,0,3
3130,3130,4,1,1,3,0,4
3131,3131,4,1,1,3,0,5
3132,3132,4,1,1,3,1,1
3133,3133,4,1,1,3,1,2
3134,3134,4,1,1,3,1,4
3135,3135,4,1,1,3,2,0
3136,3136,4,1,1,3,2,1
3137,3137,4,1,1,3,2,2
3138,3138,4,1,1,3,2,3
3139,3139,4,1,1,3,3,0
3140,3140,4,1,1,3,3,1
3141,3141,4,1,1,3,3,2
3142,3142,4,1,1,3,4,0
3143,3143,4,1,1,3,5,0
3144,3144,4,1,1,4,0,2
3145,3145,4,1,1,4,0,3
3146,3146,4,1,1,4,0,4
3147,3147,4,1,1,4,0,5
3148,3148,4,1,1,4,1,1
3149,3149,4,1,1,4,1,2
3150,3150,4,1,1,4,1,3
3151,3151,4,1,1,4,2,0
3152,3152,4,1,1,4,2,1
3153,3153,4,1,1,4,2,2
3154,3154,4,1,1,4,2,3
3155,3155,4,1,1,4,3,0
3156,3156,4,1,1,4,3,1
3157,3157,4,1,1,4,3,2
3158,3158,4,1,1,4,4,0
3159,3159,4,1,1,4,5,0
3160,3160,4,1,2,0,0,2
3161,3161,4,1,2,0,0,3
3162,3162,4,1,2,0,0,4
3163,3163,4,1,2,0,0,5
3164,3164,4,1,2,0,1,1
3165,3165,4,1,2,0,1,2
3166,3166,4,1,2,0,1,3
3167,3167,4,1,2,0,1,4
3168,3168,4,1,2,0,2,1
3169,3169,4,1,2,0,2,2
3170,3170,4,1,2,0,2,3
3171,3171,4,1,2,0,3,0
3172,3172,4,1,2,0,3,1
3173,3173,4,1,2,0,3,2
3174,3174,4,1,2,0,4,0
3175,3175,4,1,2,0,5,0
3176,3176,4,1,2,1,0,2
3177,3177,4,1,2,1,0,3
3178,3178,4,1,2,1,0,4
3179,3179,4,1,2,1,0,5
3180,3180,4,1,2,1,1,1
3181,3181,4,1,2,1,1,2
3182,3182,4,1,2,1,1,3
3183,3183,4,1,2,1,1,4
3184,3184,4,1,2,1,2,0
3185,3185,4,1,2,1,2,2
3186,3186,4,1,2,1,2,3
3187,3187,4,1,2,1,3,0
3188,3188,4,1,2,1,3,1
3189,3189,4,1,2,1,3,2
3190,3190,4,1,2,1,4,0
3191,3191,4,1,2,1,5,0
3192,3192,4,1,2,2,0,2
3193,3193,4,1,2,2,0,3
3194,3194,4,1,2,2,0,4
3195,3195,4,1,2,2,0,5
3196,3196,4,1,2,2,1,1
3197,3197,4,1,2,2,1,2
3198,3198,4,1,2,2,1,3
3199,3199,4,1,2,2,1,4
3200,3200,4,1,2,2,2,0
3201,3201,4,1,2,2,2,1
3202,3202,4,1,2,2,2,3
3203,3203,4,1,2,2,3,0
3204,3204,4,1,2,2,3,1
3205,3205,4,1,2,2,3,2
3206,3206,4,1,2,2,4,0
3207,3207,4,1,2,2,5,0
3208,3208,4,1,2,3,0,2
3209,3209,4,1,2,3,0,3
3210,3210,4,1,2,3,0,4
3211,3211,4,1,2,3,0,5
3212,3212,4,1,2,3,1,1
3213,3213,4,1,2,3,1,2
3214,3214,4,1,2,3,1,3
3215,3215,4,1,2,3,1,4
3216,3216,4,1,2,3,2,0
3217,3217,4,1,2,3,2,1
3218,3218,4,1,2,3,2,2
3219,3219,4,1,2,3,3,0
3220,3220,4,1,2,3,3,1
3221,3221,4,1,2,3,3,2
3222,3222,4,1,2,3,4,0
3223,3223,4,1,2,3,5,0
3224,3224,4,1,3,0,0,2
3225,3225,4,1,3,0,0,3
3226,3226,4,1,3,0,0,4
3227,3227,4,1,3,0,0,5
3228,3228,4,1,3,0,1,1
3229,3229,4,1,3,0,1,2
3230,3230,4,1,3,0,1,3
3231,3231,4,1,3,0,1,4
3232,3232,4,1,3,0,2,0
3233,3233,4,1,3,0,2,1
3234,3234,4,1,3,0,2,2
3235,3235,4,1,3,0,2,3
3236,3236,4,1,3,0,3,1
3237,3237,4,1,3,0,3,2
3238,3238,4,1,3,0,4,0
3239,3239,4,1,3,0,5,0
3240,3240,4,1,3,1,0,2
3241,3241,4,1,3,1,0,3
3242,3242,4,1,3,1,0,4
3243,3243,4,1,3,1,0,5
3244,3244,4,1,3,1,1,1
3245,3245,4,1,3,1,1,2
3246,3246,4,1,3,1,1,3
3247,3247,4,1,3,1,1,4
3248,3248,4,1,3,1,2,0
3249,3249,4,1,3,1,2,1
3250,3250,4,1,3,1,2,2
3251,3251,4,1,3,1,2,3
3252,3252,4,1,3,1,3,0
3253,3253,4,1,3,1,3,2
3254,3254,4,1,3,1,4,0
3255,3255,4,1,3,1,5,0
3256,3256,4,1,3,2,0,2
3257,3257,4,1,3,2,0,3
3258,3258,4,1,3,2,0,4
3259,3259,4,1,3,2,0,5
3260,3260,4,1,3,2,1,1
3261,3261,4,1,3,2,1,2
3262,3262,4,1,3,2,1,3
3263,3263,4,1,3,2,1,4
3264,3264,4,1,3,2,2,0
3265,3265,4,1,3,2,2,1
3266,3266,4,1,3,2,2,2
3267,3267,4,1,3,2,2,3
3268,3268,4,1,3,2,3,0
3269,3269,4,1,3,2,3,1
3270,3270,4,1,3,2,4,0
3271,3271,4,1,3,2,5,0
3272,3272,4,1,4,0,0,2
3273,3273,4,1,4,0,0,3
3274,3274,4,1,4,0,0,4
3275,3275,4,1,4,0,0,5
3276,3276,4,1,4,0,1,1
3277,3277,4,1,4,0,1,2
3278,3278,4,1,4,0,1,3
3279,3279,4,1,4,0,1,4
3280,3280,4,1,4,0,2,0
3281,3281,4,1,4,0,2,1
3282,3282,4,1,4,0,2,2
3283,3283,4,1,4,0,2,3
3284,3284,4,1,4,0,3,0
3285,3285,4,1,4,0,3,1
3286,3286,4,1,4,0,3,2
3287,3287,4,1,4,0,5,0
3288,3288,4,1,5,0,0,2
3289,3289,4,1,5,0,0,3
3290,3290,4,1,5,0,0,4
3291,3291,4,1,5,0,0,5
3292,3292,4,1,5,0,1,1
3293,3293,4,1,5,0,1,2
3294,3294,4,1,5,0,1,3
3295,3295,4,1,5,0,1,4
3296,3296,4,1,5,0,2,0
3297,3297,4,1,5,0,2,1
3298,3298,4,1,5,0,2,2
3299,3299,4,1,5,0,2,3
3300,3300,4,1,5,0,3,0
3301,3301,4,1,5,0,3,1
3302,3302,4,1,5,0,3,2
3303,3303,4,1,5,0,4,0
3304,3304,5,0,0,2,0,3
3305,3305,5,0,0,2,0,4
3306,3306,5,0,0,2,0,5
3307,3307,5,0,0,2,1,1
3308,3308,5,0,0,2,1,2
3309,3309,5,0,0,2,1,3
3310,3310,5,0,0,2,1,4
3311,3311,5,0,0,2,2,0
3312,3312,5,0,0,2,2,1
3313,3313,5,0,0,2,2,2
3314,3314,5,0,0,2,2,3
3315,3315,5,0,0,2,3,0
3316,3316,5,0,0,2,3,1
3317,3317,5,0,0,2,3,2
3318,3318,5,0,0,2,4,0
3319,3319,5,0,0,2,4,1
3320,3320,5,0,0,3,0,2
3321,3321,5,0,0,3,0,4
3322,3322,5,0,0,3,0,5
3323,3323,5,0,0,3,1,1
3324,3324,5,0,0,3,1,2
3325,3325,5,0,0,3,1,3
3326,3326,5,0,0,3,1,4
3327,3327,5,0,0,3,2,0
3328,3328,5,0,0,3,2,1
3329,3329,5,0,0,3,2,2
3330,3330,5,0,0,3,2,3
3331,3331,5,0,0,3,3,0
3332,3332,5,0,0,3,3,1
3333,3333,5,0,0,3,3,2
3334,3334,5,0,0,3,4,0
3335,3335,5,0,0,3,4,1
3336,3336,5,0,0,4,0,2
3337,3337,5,0,0,4,0,3
3338,3338,5,0,0,4,0,5
3339,3339,5,0,0,4,1,1
3340,3340,5,0,0,4,1,2
3341,3341,5,0,0,4,1,3
3342,3342,5,0,0,4,1,4
3343,3343,5,0,0,4,2,0
3344,3344,5,0,0,4,2,1
3345,3345,5,0,0,4,2,2
3346,3346,5,0,0,4,2,3
3347,3347,5,0,0,4,3,0
3348,3348,5,0,0,4,3,1
3349,3349,5,0,0,4,3,2
3350,3350,5,0,0,4,4,0
3351,3351,5,0,0,4,4,1
3352,3352,5,0,0,5,0,2
3353,3353,5,0,0,5,0,3
3354,3354,5,0,0,5,0,4
3355,3355,5,0,0,5,1,1
3356,3356,5,0,0,5,1,2
3357,3357,5,0,0,5,1,3
3358,3358,5,0,0,5,1,4
3359,3359,5,0,0,5,2,0
3360,3360,5,0,0,5,2,1
3361,3361,5,0,0,5,2,2
3362,3362,5,0,0,5,2,3
3363,3363,5,0,0,5,3,0
3364,3364,5,0,0,5,3,1
3365,3365,5,0,0,5,3,2
3366,3366,5,0,0,5,4,0
3367,3367,5,0,0,5,4,1
3368,3368,5,0,1,1,0,2
3369,3369,5,0,1,1,0,3
3370,3370,5,0,1,1,0,4
3371,3371,5,0,1,1,0,5
3372,3372,5,0,1,1,1,2
3373,3373,5,0,1,1,1,3
3374,3374,5,0,1,1,1,4
3375,3375,5,0,1,1,2,0
3376,3376,5,0,1,1,2,1
3377,3377,5,0,1,1,2,2
3378,3378,5,0,1,1,2,3
3379,3379,5,0,1,1,3,0
3380,3380,5,0,1,1,3,1
3381,3381,5,0,1,1,3,2
3382,3382,5,0,1,1,4,0
3383,3383,5,0,1,1,4,1
3384,3384,5,0,1,2,0,2
3385,3385,5,0,1,2,0,3
3386,3386,5,0,1,2,0,4
3387,3387,5,0,1,2,0,5
3388,3388,5,0,1,2,1,1
3389,3389,5,0,1,2,1,3
3390,3390,5,0,1,2,1,4
3391,3391,5,0,1,2,2,0
3392,3392,5,0,1,2,2,1
3393,3393,5,0,1,2,2,2
3394,3394,5,0,1,2,2,3
3395,3395,5,0,1,2,3,0
3396,3396,5,0,1,2,3,1
3397,3397,5,0,1,2,3,2
3398,3398,5,0,1,2,4,0
3399,3399,5,0,1,2,4,1
3400,3400,5,0,1,3,0,2
3401,3401,5,0,1,3,0,3
3402,3402,5,0,1,3,0,4
3403,3403,5,0,1,3,0,5
3404,3404,5,0,1,3,1,1
3405,3405,5,0,1,3,1,2
3406,3406,5,0,1,3,1,4
3407,3407,5,0,1,3,2,0
3408,3408,5,0,1,3,2,1
3409,3409,5,0,1,3,2,2
3410,3410,5,0,1,3,2,3
3411,3411,5,0,1,3,3,0
3412,3412,5,0,1,3,3,1
3413,3413,5,0,1,3,3,2
3414,3414,5,0,1,3,4,0
3415,3415,5,0,1,3,4,1
3416,3416,5,0,1,4,0,2
3417,3417,5,0,1,4,0,3
3418,3418,5,0,1,4,0,4
3419,3419,5,0,1,4,0,5
3420,3420,5,0,1,4,1,1
3421,3421,5,0,1,4,1,2
3422,3422,5,0,1,4,1,3
3423,3423,5,0,1,4,2,0
3424,3424,5,0,1,4,2,1
3425,3425,5,0,1,4,2,2
3426,3426,5,0,1,4,2,3
3427,3427,5,0,1,4,3,0
3428,3428,5,0,1,4,3,1
3429,3429,5,0,1,4,3,2
3430,3430,5,0,1,4,4,0
3431,3431,5,0,1,4,4,1
3432,3432,5,0,2,0,0,2
3433,3433,5,0,2,0,0,3
3434,3434,5,0,2,0,0,4
3435,3435,5,0,2,0,0,5
3436,3436,5,0,2,0,1,1
3437,3437,5,0,2,0,1,2
3438,3438,5,0,2,0,1,3
3439,3439,5,0,2,0,1,4
3440,3440,5,0,2,0,2,1
3441,3441,5,0,2,0,2,2
3442,3442,5,0,2,0,2,3
3443,3443,5,0,2,0,3,0
3444,3444,5,0,2,0,3,1
3445,3445,5,0,2,0,3,2
3446,3446,5,0,2,0,4,0
3447,3447,5,0,2,0,4,1
3448,3448,5,0,2,1,0,2
3449,3449,5,0,2,1,0,3
3450,3450,5,0,2,1,0,4
3451,3451,5,0,2,1,0,5
3452,3452,5,0,2,1,1,1
3453,3453,5,0,2,1,1,2
3454,3454,5,0,2,1,1,3
3455,3455,5,0,2,1,1,4
3456,3456,5,0,2,1,2,0
3457,3457,5,0,2,1,2,2
3458,3458,5,0,2,1,2,3
3459,3459,5,0,2,1,3,0
3460,3460,5,0,2,1,3,1
3461,3461,5,0,2,1,3,2
3462,3462,5,0,2,1,4,0
3463,3463,5,0,2,1,4,1
3464,3464,5,0,2,2,0,2
3465,3465,5,0,2,2,0,3
3466,3466,5,0,2,2,0,4
3467,3467,5,0,2,2,0,5
3468,3468,5,0,2,2,1,1
3469,3469,5,0,2,2,1,2
3470,3470,5,0,2,2,1,3
3471,3471,5,0,2,2,1,4
3472,3472,5,0,2,2,2,0
3473,3473,5,0,2,2,2,1
3474,3474,5,0,2,2,2,3
3475,3475,5,0,2,2,3,0
3476,3476,5,0,2,2,3,1
3477,3477,5,0,2,2,3,2
3478,3478,5,0,2,2,4,0
3479,3479,5,0,2,2,4,1
3480,3480,5,0,2,3,0,2
3481,3481,5,0,2,3,0,3
3482,3482,5,0,2,3,0,4
3483,3483,5,0,2,3,0,5
3484,3484,5,0,2,3,1,1
3485,3485,5,0,2,3,1,2
3486,3486,5,0,2,3,1,3
3487,3487,5,0,2,3,1,4
3488,3488,5,0,2,3,2,0
3489,3489,5,0,2,3,2,1
3490,3490,5,0,2,3,2,2
3491,3491,5,0,2,3,3,0
3492,3492,5,0,2,3,3,1
3493,3493,5,0,2,3,3,2
3494,3494,5,0,2,3,4,0
3495,3495,5,0,2,3,4,1
3496,3496,5,0,3,0,0,2
3497,3497,5,0,3,0,0,3
3498,3498,5,0,3,0,0,4
3499,3499,5,0,3,0,0,5
3500,3500,5,0,3,0,1,1
3501,3501,5,0,3,0,1,2
3502,3502,5,0,3,0,1,3
3503,3503,5,0,3,0,1,4
3504,3504,5,0,3,0,2,0
3505,3505,5,0,3,0,2,1
3506,3506,5,0,3,0,2,2
3507,3507,5,0,3,0,2,3
3508,3508,5,0,3,0,3,1
3509,3509,5,0,3,0,3,2
3510,3510,5,0,3,0,4,0
3511,3511,5,0,3,0,4,1
3512,3512,5,0,3,1,0,2
3513,3513,5,0,3,1,0,3
3514,3514,5,0,3,1,0,4
3515,3515,5,0,3,1,0,5
3516,3516,5,0,3,1,1,1
3517,3517,5,0,3,1,1,2
3518,3518,5,0,3,1,1,3
3519,3519,5,0,3,1,1,4
3520,3520,5,0,3,1,2,0
3521,3521,5,0,3,1,2,1
3522,3522,5,0,3,1,2,2
3523,3523,5,0,3,1,2,3
3524,3524,5,0,3,1,3,0
3525,3525,5,0,3,1,3,2
3526,3526,5,0,3,1,4,0
3527,3527,5,0,3,1,4,1
3528,3528,5,0,3,2,0,2
3529,3529,5,0,3,2,0,3
3530,3530,5,0,3,2,0,4
3531,3531,5,0,3,2,0,5
3532,3532,5,0,3,2,1,1
3533,3533,5,0,3,2,1,2
3534,3534,5,0,3,2,1,3
3535,3535,5,0,3,2,1,4
3536,3536,5,0,3,2,2,0
3537,3537,5,0,3,2,2,1
3538,3538,5,0,3,2,2,2
3539,3539,5,0,3,2,2,3
3540,3540,5,0,3,2,3,0
3541,3541,5,0,3,2,3,1
3542,3542,5,0,3,2,4,0
3543,3543,5,0,3,2,4,1
3544,3544,5,0,4,0,0,2
3545,3545,5,0,4,0,0,3
3546,3546,5,0,4,0,0,4
3547,3547,5,0,4,0,0,5
3548,3548,5,0,4,0,1,1
3549,3549,5,0,4,0,1,2
3550,3550,5,0,4,0,1,3
3551,3551,5,0,4,0,1,4
3552,3552,5,0,4,0,2,0
3553,3553,5,0,4,0,2,1
3554,3554,5,0,4,0,2,2
3555,3555,5,0,4,0,2,3
3556,3556,5,0,4,0,3,0
3557,3557,5,0,4,0,3,1
3558,3558,5,0,4,0,3,2
3559,3559,5,0,4,0,4,1
3560,3560,5,0,4,1,0,2
3561,3561,5,0,4,1,0,3
3562,3562,5,0,4,1,0,4
3563,3563,5,0,4,1,0,5
3564,3564,5,0,4,1,1,1
3565,3565,5,0,4,1,1,2
3566,3566,5,0,4,1,1,3
3567,3567,5,0,4,1,1,4
3568,3568,5,0,4,1,2,0
3569,3569,5,0,4,1,2,1
3570,3570,5,0,4,1,2,2
3571,3571,5,0,4,1,2,3
3572,3572,5,0,4,1,3,0
3573,3573,5,0,4,1,3,1
3574,3574,5,0,4,1,3,2
3575,3575,5,0,4,1,4,0
