327,0,4,1,1,1,4,22
361,0,4,2,0,1,4,22
365,0,4,2,0,5,0,22
331,0,4,1,1,5,0,19
2370,4,0,2,0,1,4,19
593,0,5,2,2,0,4,19
641,0,5,3,1,0,4,19
326,0,4,1,1,0,5,19
493,0,5,0,4,3,1,19
360,0,4,2,0,0,5,19
490,0,5,0,4,2,2,19
305,0,4,0,2,4,1,19
303,0,4,0,2,2,3,19
1231,1,4,0,5,5,0,18
1411,1,4,4,1,5,0,18
2775,5,0,0,5,1,4,18
2978,5,0,4,1,1,4,18
399,0,4,3,1,0,5,17
371,0,4,2,2,0,5,17
1234,1,4,1,1,0,4,16
2756,5,0,0,4,1,1,16
1394,1,4,4,0,4,1,16
1377,1,4,3,2,4,0,16
1276,1,4,2,0,0,4,16
1353,1,4,3,1,0,4,16
2771,5,0,0,5,0,4,16
621,0,5,2,3,4,1,16
1305,1,4,2,2,0,4,16
2755,5,0,0,4,0,5,16
2943,5,0,3,2,0,4,16
1398,1,4,4,1,0,4,16
1287,1,4,2,0,4,0,16
1292,1,4,2,1,0,4,16
404,0,4,3,1,5,0,16
1206,1,4,0,4,2,0,16
366,0,4,2,1,1,4,16
488,0,5,0,4,2,0,16
2851,5,0,2,0,0,4,16
564,0,5,2,0,0,4,16
2779,5,0,0,5,2,3,16
376,0,4,2,2,5,0,16
2881,5,0,2,2,0,4,16
400,0,4,3,1,1,4,16
419,0,4,4,0,1,4,16
2419,4,0,3,2,1,4,16
2768,5,0,0,4,4,1,16
1214,1,4,0,4,4,1,16
339,0,4,1,3,1,4,16
1208,1,4,0,4,2,2,16
1300,1,4,2,1,4,0,16
2515,4,1,0,5,2,3,16
408,0,4,3,2,1,4,16
1369,1,4,3,2,0,4,16
1791,2,3,0,5,4,1,16
1202,1,4,0,4,0,5,16
500,0,5,1,1,0,4,16
2762,5,0,0,4,2,2,16
694,0,5,4,1,2,3,16
1218,1,4,0,5,0,4,16
2765,5,0,0,4,3,1,16
372,0,4,2,2,1,4,16
2973,5,0,4,1,0,4,16
2758,5,0,0,4,1,3,16
2865,5,0,2,1,0,4,16
343,0,4,1,3,5,0,16
2927,5,0,3,1,0,4,16
2819,5,0,1,3,0,4,16
484,0,5,0,4,1,1,16
423,0,4,4,0,5,0,16
1211,1,4,0,4,3,1,16
2787,5,0,1,1,0,4,16
1364,1,4,3,1,4,0,16
1392,1,4,4,0,3,1,16
1410,1,4,4,1,4,0,16
1387,1,4,4,0,2,0,16
370,0,4,2,1,5,0,16
487,0,5,0,4,1,4,16
497,0,5,0,4,5,0,16
1203,1,4,0,4,1,1,16
2375,4,0,2,1,1,4,16
417,0,4,3,2,5,0,16
2760,5,0,0,4,2,0,16
1048,1,3,0,5,5,0,15
2977,5,0,4,1,1,3,15
2947,5,0,3,2,1,3,15
1078,1,3,2,0,5,0,15
2826,5,0,1,3,2,2,15
1129,1,3,3,2,5,0,15
1116,1,3,3,1,5,0,15
2869,5,0,2,1,1,3,15
342,0,4,1,3,4,1,15
422,0,4,4,0,4,1,15
1083,1,3,2,1,5,0,15
1031,1,3,0,4,4,1,15
2829,5,0,1,3,3,1,15
418,0,4,4,0,0,5,15
2931,5,0,3,1,1,3,15
338,0,4,1,3,0,5,15
1032,1,3,0,4,5,0,15
2885,5,0,2,2,1,3,15
690,0,5,4,1,1,4,14
1406,1,4,4,1,2,3,14
1427,1,4,5,0,4,1,14
1408,1,4,4,1,3,1,14
699,0,5,4,1,5,0,14
609,0,5,2,3,0,4,14
379,0,4,2,3,0,5,14
2784,5,0,0,5,4,1,14
2910,5,0,2,3,4,1,14
622,0,5,2,3,5,0,14
2358,4,0,1,4,1,2,14
451,0,4,5,0,3,0,14
2582,4,1,1,4,5,0,14
2956,5,0,3,2,4,1,14
1365,1,4,3,1,4,1,14
1402,1,4,4,1,1,3,14
2940,5,0,3,1,4,1,14
2448,4,0,5,0,1,2,14
570,0,5,2,0,2,2,14
1396,1,4,4,1,0,2,14
1322,1,4,2,3,0,5,14
2971,5,0,4,1,0,2,14
2970,5,0,4,0,4,1,14
2566,4,1,1,3,5,0,14
2643,4,1,2,3,5,0,14
1333,1,4,2,3,4,1,14
598,0,5,2,2,2,0,14
354,0,4,1,4,3,0,14
2984,5,0,4,1,3,1,14
2520,4,1,0,5,5,0,14
2635,4,1,2,3,1,4,14
420,0,4,4,0,2,3,14
2557,4,1,1,3,1,4,14
2704,4,1,4,0,5,0,14
686,0,5,4,1,0,4,14
2974,5,0,4,1,0,5,14
444,0,4,5,0,1,2,14
1269,1,4,1,3,3,1,14
2426,4,0,3,2,5,0,14
2968,5,0,4,0,3,1,14
1409,1,4,4,1,3,2,14
2985,5,0,4,1,3,2,14
2955,5,0,3,2,4,0,14
2696,4,1,4,0,1,4,14
2681,4,1,3,2,1,4,14
2495,4,1,0,4,1,4,14
2712,4,1,5,0,1,4,14
613,0,5,2,3,1,4,14
2939,5,0,3,1,4,0,14
491,0,5,0,4,2,3,14
1357,1,4,3,1,1,3,14
1378,1,4,3,2,4,1,14
1230,1,4,0,5,4,1,14
348,0,4,1,4,1,2,14
1399,1,4,4,1,0,5,14
2511,4,1,0,5,1,4,14
426,0,4,4,1,0,5,14
2982,5,0,4,1,2,3,14
496,0,5,0,4,4,1,14
2986,5,0,4,1,4,0,14
2688,4,1,3,2,5,0,14
2504,4,1,0,4,5,0,14
340,0,4,1,3,2,3,14
2848,5,0,1,4,4,1,14
1225,1,4,0,5,2,3,14
308,0,4,0,3,2,3,13
1872,2,3,2,1,0,4,13
1838,2,3,1,3,4,1,13
2700,4,1,4,0,2,3,13
2691,4,1,4,0,0,4,13
2676,4,1,3,2,0,4,13
2489,4,1,0,4,0,2,13
1763,2,3,0,4,0,5,13
600,0,5,2,2,2,3,13
1731,2,3,0,2,0,4,13
403,0,4,3,1,4,1,13
1977,2,3,5,0,0,4,13
1761,2,3,0,4,0,2,13
1887,2,3,2,2,0,5,13
2604,4,1,2,1,1,3,13
450,0,4,5,0,2,3,13
1842,2,3,1,4,0,4,13
319,0,4,0,5,2,3,13
401,0,4,3,1,2,3,13
367,0,4,2,1,2,3,13
2680,4,1,3,2,1,3,13
1766,2,3,0,4,1,3,13
1774,2,3,0,4,4,0,13
1932,2,3,3,2,0,4,13
2490,4,1,0,4,0,3,13
1837,2,3,1,3,4,0,13
2560,4,1,1,3,2,2,13
2378,4,0,2,1,5,0,13
353,0,4,1,4,2,3,13
2601,4,1,2,1,0,4,13
324,0,4,0,5,4,1,13
1945,2,3,4,0,0,4,13
2569,4,1,1,4,0,4,13
310,0,4,0,3,4,1,13
373,0,4,2,2,2,3,13
1776,2,3,0,4,5,0,13
2553,4,1,1,3,0,4,13
626,0,5,3,0,1,1,13
2458,4,1,0,2,0,4,13
358,0,4,1,4,4,1,13
520,0,5,1,2,2,0,13
572,0,5,2,0,3,0,13
455,0,4,5,0,4,1,13
416,0,4,3,2,4,1,13
369,0,4,2,1,4,1,13
2474,4,1,0,3,0,4,13
1949,2,3,4,0,1,3,13
566,0,5,2,0,1,2,13
375,0,4,2,2,4,1,13
630,0,5,3,0,2,0,13
2491,4,1,0,4,0,5,13
517,0,5,1,2,1,1,13
1826,2,3,1,3,0,4,13
1957,2,3,4,0,4,1,13
2563,4,1,1,3,3,1,13
2665,4,1,3,1,1,3,13
2494,4,1,0,4,1,3,13
2877,5,0,2,1,4,0,13
616,0,5,2,3,2,2,13
1767,2,3,0,4,1,4,13
412,0,4,3,2,2,3,13
2503,4,1,0,4,4,0,13
2618,4,1,2,2,1,3,13
2561,4,1,1,3,2,3,13
2707,4,1,5,0,0,4,13
1747,2,3,0,3,0,4,13
1762,2,3,0,4,0,3,13
501,0,5,1,1,1,2,13
2727,5,0,0,2,1,4,12
1351,1,4,3,1,0,2,12
2930,5,0,3,1,1,2,12
2267,3,1,4,0,2,3,12
2203,3,1,1,4,1,3,12
2922,5,0,3,0,3,1,12
1314,1,4,2,2,3,1,12
454,0,4,5,0,4,0,12
1164,1,3,5,0,3,1,12
2913,5,0,3,0,0,4,12
1035,1,3,0,5,0,4,12
2191,3,1,1,3,0,5,12
1100,1,3,2,3,3,1,12
2276,3,1,4,1,1,3,12
2781,5,0,0,5,3,1,12
2317,4,0,0,4,4,1,12
1119,1,3,3,2,0,4,12
2425,4,0,3,2,3,1,12
1148,1,3,4,1,3,1,12
495,0,5,0,4,4,0,12
1077,1,3,2,0,4,1,12
710,0,5,5,0,2,3,12
2242,3,1,2,3,4,0,12
1354,1,4,3,1,0,5,12
439,0,4,4,1,5,0,12
357,0,4,1,4,4,0,12
2256,3,1,3,2,1,3,12
1227,1,4,0,5,3,1,12
2314,4,0,0,4,1,4,12
2445,4,0,5,0,0,4,12
1348,1,4,3,0,4,0,12
2411,4,0,3,1,5,0,12
2406,4,0,3,1,0,5,12
2935,5,0,3,1,2,2,12
1154,1,3,5,0,0,4,12
2898,5,0,2,3,0,5,12
1075,1,3,2,0,2,3,12
1113,1,3,3,1,2,3,12
2262,3,1,3,2,4,0,12
323,0,4,0,5,4,0,12
2318,4,0,0,4,5,0,12
1128,1,3,3,2,4,1,12
430,0,4,4,1,1,4,12
2195,3,1,1,3,4,1,12
1248,1,4,1,2,0,4,12
1213,1,4,0,4,4,0,12
2397,4,0,2,3,3,1,12
1257,1,4,1,2,4,0,12
2210,3,1,1,4,4,0,12
2414,4,0,3,2,0,4,12
2875,5,0,2,1,3,1,12
1356,1,4,3,1,1,2,12
1417,1,4,5,0,1,2,12
1179,1,4,0,2,3,1,12
1282,1,4,2,0,2,2,12
2928,5,0,3,1,0,5,12
2283,3,1,4,1,4,0,12
2733,5,0,0,2,3,1,12
445,0,4,5,0,1,3,12
2331,4,0,0,5,3,1,12
2321,4,0,0,5,0,4,12
1382,1,4,4,0,0,4,12
1068,1,3,1,4,3,1,12
1205,1,4,0,4,1,3,12
1176,1,4,0,2,2,2,12
1115,1,3,3,1,4,1,12
2410,4,0,3,1,4,1,12
2194,3,1,1,3,3,2,12
1266,1,4,1,3,2,2,12
2937,5,0,3,1,3,0,12
2269,3,1,4,0,4,1,12
2270,3,1,4,0,5,0,12
1027,1,3,0,4,0,5,12
2196,3,1,1,3,5,0,12
2265,3,1,4,0,0,5,12
2266,3,1,4,0,1,4,12
2268,3,1,4,0,3,2,12
1303,1,4,2,2,0,2,12
2454,4,0,5,0,3,1,12
2767,5,0,0,4,4,0,12
1337,1,4,3,0,0,4,12
670,0,5,4,0,0,4,12
1259,1,4,1,2,5,0,12
1391,1,4,4,0,3,0,12
1358,1,4,3,1,2,0,12
1044,1,3,0,5,3,1,12
654,0,5,3,1,5,0,12
1255,1,4,1,2,3,1,12
2291,3,1,5,0,1,3,12
2371,4,0,2,0,2,3,12
1783,2,3,0,5,1,4,12
1074,1,3,2,0,1,4,12
2954,5,0,3,2,3,1,12
1376,1,4,3,2,3,1,12
2365,4,0,1,4,3,1,12
2440,4,0,4,1,3,1,12
1061,1,3,1,4,0,4,12
2893,5,0,2,2,4,0,12
532,0,5,1,3,0,4,12
2355,4,0,1,4,0,4,12
2235,3,1,2,3,1,3,12
1346,1,4,3,0,3,1,12
2966,5,0,4,0,2,2,12
407,0,4,3,2,1,3,12
1309,1,4,2,2,1,3,12
2313,4,0,0,4,0,5,12
2092,3,0,3,1,1,4,12
2004,3,0,0,4,1,4,12
486,0,5,0,4,1,3,12
1360,1,4,3,1,2,2,12
2169,3,1,0,5,1,3,12
1210,1,4,0,4,3,0,12
2408,4,0,3,1,2,3,12
1047,1,3,0,5,4,1,12
2192,3,1,1,3,1,4,12
2337,4,0,1,1,2,3,12
1082,1,3,2,1,4,1,12
2925,5,0,3,1,0,2,12
1029,1,3,0,4,2,3,12
349,0,4,1,4,1,3,12
1183,1,4,0,2,5,0,12
1310,1,4,2,2,2,0,12
2177,3,1,0,5,4,0,12
1126,1,3,3,2,3,1,12
1274,1,4,2,0,0,2,12
2407,4,0,3,1,1,4,12
1298,1,4,2,1,3,1,12
415,0,4,3,2,4,0,12
2315,4,0,0,4,2,3,12
1114,1,3,3,1,3,2,12
2959,5,0,4,0,0,4,12
2193,3,1,1,3,2,3,12
314,0,4,0,5,1,3,12
1389,1,4,4,0,2,2,12
2807,5,0,1,2,1,4,12
555,0,5,1,4,2,3,12
1111,1,3,3,1,0,5,12
2112,3,0,4,0,1,4,12
645,0,5,3,1,1,4,12
2838,5,0,1,4,1,2,12
1285,1,4,2,0,3,1,12
1362,1,4,3,1,3,0,12
1174,1,4,0,2,2,0,12
1316,1,4,2,2,4,0,12
2409,4,0,3,1,3,2,12
1028,1,3,0,4,1,4,12
1112,1,3,3,1,1,4,12
1262,1,4,1,3,0,4,12
2891,5,0,2,2,3,1,12
2299,3,1,5,0,4,0,12
632,0,5,3,0,2,2,11
1383,1,4,4,0,0,5,11
1209,1,4,0,4,2,3,11
2098,3,0,3,2,0,4,11
583,0,5,2,1,2,2,11
386,0,4,2,3,2,2,11
2334,4,0,0,5,5,0,11
2219,3,1,2,1,0,5,11
693,0,5,4,1,2,2,11
604,0,5,2,2,4,0,11
653,0,5,3,1,4,1,11
1169,1,4,0,2,0,4,11
306,0,4,0,2,5,0,11
2960,5,0,4,0,0,5,11
1669,2,2,3,0,0,5,11
712,0,5,5,0,3,1,11
1263,1,4,1,3,0,5,11
1592,2,2,0,4,2,3,11
2222,3,1,2,1,5,0,11
601,0,5,2,2,3,0,11
2220,3,1,2,1,1,4,11
696,0,5,4,1,3,1,11
313,0,4,0,5,1,2,11
2045,3,0,1,4,0,4,11
659,0,5,3,2,2,0,11
1321,1,4,2,3,0,4,11
614,0,5,2,3,2,0,11
557,0,5,1,4,3,1,11
650,0,5,3,1,3,0,11
661,0,5,3,2,2,2,11
463,0,5,0,2,2,3,11
677,0,5,4,0,2,2,11
2232,3,1,2,3,0,5,11
2134,3,0,5,0,0,4,11
1859,2,3,2,0,0,5,11
2245,3,1,3,0,0,5,11
592,0,5,2,2,0,3,11
680,0,5,4,0,3,1,11
2417,4,0,3,2,1,2,11
596,0,5,2,2,1,3,11
2783,5,0,0,5,4,0,11
525,0,5,1,2,3,1,11
597,0,5,2,2,1,4,11
644,0,5,3,1,1,3,11
2008,3,0,0,4,5,0,11
2158,3,1,0,4,0,5,11
2277,3,1,4,1,1,4,11
2257,3,1,3,2,1,4,11
586,0,5,2,1,3,1,11
1732,2,3,0,2,0,5,11
541,0,5,1,3,3,1,11
2274,3,1,4,1,0,5,11
605,0,5,2,2,4,1,11
2236,3,1,2,3,1,4,11
1229,1,4,0,5,4,0,11
1632,2,2,1,4,0,5,11
618,0,5,2,3,3,1,11
649,0,5,3,1,2,3,11
1590,2,2,0,4,0,5,11
2284,3,1,4,1,5,0,11
2288,3,1,5,0,0,5,11
640,0,5,3,1,0,3,11
1618,2,2,1,2,0,5,11
1200,1,4,0,4,0,2,11
2753,5,0,0,4,0,2,11
302,0,4,0,2,1,4,11
2159,3,1,0,4,1,4,11
2200,3,1,1,4,0,5,11
320,0,4,0,5,3,0,11
2917,5,0,3,0,1,3,11
2249,3,1,3,0,5,0,11
506,0,5,1,1,2,2,11
2253,3,1,3,2,0,5,11
2897,5,0,2,3,0,4,11
1744,2,3,0,2,4,1,11
509,0,5,1,1,3,1,11
1717,2,2,5,0,0,5,11
2246,3,1,3,0,1,4,11
606,0,5,2,2,5,0,11
2163,3,1,0,4,5,0,11
2264,3,1,3,2,5,0,11
1038,1,3,0,5,1,4,11
2185,3,1,1,2,0,5,11
2179,3,1,0,5,5,0,11
538,0,5,1,3,2,2,11
2364,4,0,1,4,3,0,11
595,0,5,2,2,1,2,11
642,0,5,3,1,1,1,11
413,0,4,3,2,3,0,11
652,0,5,3,1,4,0,11
1221,1,4,0,5,1,3,11
2962,5,0,4,0,1,2,11
2459,4,1,0,2,0,5,11
2722,5,0,0,2,0,4,11
1658,2,2,2,3,0,5,11
2244,3,1,2,3,5,0,11
2325,4,0,0,5,1,4,11
2763,5,0,0,4,2,3,11
664,0,5,3,2,3,1,11
643,0,5,3,1,1,2,11
2820,5,0,1,3,0,5,11
571,0,5,2,0,2,3,11
1650,2,2,2,1,0,5,11
1683,2,2,3,2,0,5,11
522,0,5,1,2,2,2,11
468,0,5,0,2,4,1,11
634,0,5,3,0,3,1,11
2170,3,1,0,5,1,4,11
594,0,5,2,2,1,1,11
2467,4,1,0,2,2,3,11
2774,5,0,0,5,1,3,11
383,0,4,2,3,1,4,11
392,0,4,2,3,5,0,11
1701,2,2,4,1,0,5,11
1645,2,2,2,0,0,5,11
1385,1,4,4,0,1,2,10
171,0,3,0,5,4,0,10
2914,5,0,3,0,0,5,10
394,0,4,3,0,1,4,10
166,0,3,0,5,2,2,10
503,0,5,1,1,1,4,10
1220,1,4,0,5,1,2,10
1293,1,4,2,1,0,5,10
706,0,5,5,0,1,4,10
1534,2,0,3,2,0,5,10
2384,4,0,2,2,5,0,10
1277,1,4,2,0,0,5,10
2380,4,0,2,2,1,4,10
2803,5,0,1,2,0,4,10
2849,5,0,2,0,0,2,10
398,0,4,3,0,5,0,10
469,0,5,0,2,5,0,10
674,0,5,4,0,1,4,10
1226,1,4,0,5,3,0,10
1403,1,4,4,1,2,0,10
2723,5,0,0,2,0,5,10
1349,1,4,3,0,4,1,10
1235,1,4,1,1,0,5,10
513,0,5,1,1,5,0,10
2788,5,0,1,1,0,5,10
2979,5,0,4,1,2,0,10
2764,5,0,0,4,3,0,10
2463,4,1,0,2,1,4,10
979,1,2,4,0,1,4,10
1224,1,4,0,5,2,2,10
1222,1,4,0,5,2,0,10
568,0,5,2,0,1,4,10
1216,1,4,0,5,0,2,10
2056,3,0,1,4,4,0,10
2975,5,0,4,1,1,1,10
975,1,2,3,2,4,0,10
1415,1,4,5,0,0,5,10
1170,1,4,0,2,0,5,10
1272,1,4,1,3,4,1,10
1400,1,4,4,1,1,1,10
667,0,5,3,2,5,0,10
1792,2,3,0,5,5,0,10
2980,5,0,4,1,2,1,10
333,0,4,1,2,1,4,10
920,1,2,1,4,4,0,10
2736,5,0,0,2,4,1,10
169,0,3,0,5,3,1,10
2757,5,0,0,4,1,2,10
911,1,2,1,4,0,4,10
545,0,5,1,3,5,0,10
1182,1,4,0,2,4,1,10
1288,1,4,2,0,4,1,10
2472,4,1,0,2,5,0,10
1014,1,2,5,0,4,0,10
535,0,5,1,3,1,4,10
2887,5,0,2,2,2,0,10
1306,1,4,2,2,0,5,10
2690,4,1,4,0,0,3,10
1317,1,4,2,2,4,1,10
1441,2,0,0,4,1,4,10
2402,4,0,3,0,1,4,10
2882,5,0,2,2,0,5,10
878,1,2,0,4,1,4,10
519,0,5,1,2,1,4,10
2836,5,0,1,4,0,5,10
629,0,5,3,0,1,4,10
638,0,5,3,0,5,0,10
983,1,2,4,0,5,0,10
529,0,5,1,2,5,0,10
1370,1,4,3,2,0,5,10
2773,5,0,0,5,1,2,10
683,0,5,4,0,5,0,10
2780,5,0,0,5,3,0,10
162,0,3,0,5,1,3,10
2605,4,1,2,1,1,4,10
1404,1,4,4,1,2,1,10
1219,1,4,0,5,1,1,10
2832,5,0,1,3,4,1,10
1301,1,4,2,1,4,1,10
561,0,5,1,4,5,0,10
2769,5,0,0,5,0,2,10
1089,1,3,2,2,5,0,10
2611,4,1,2,1,5,0,10
459,0,5,0,2,1,4,10
2858,5,0,2,0,2,2,10
2776,5,0,0,5,2,0,10
1407,1,4,4,1,3,0,10
1204,1,4,0,4,1,2,10
581,0,5,2,1,1,4,10
1338,1,4,3,0,0,5,10
2894,5,0,2,2,4,1,10
1249,1,4,1,2,0,5,10
2772,5,0,0,5,1,1,10
2487,4,1,0,3,4,0,10
1440,2,0,0,4,0,5,10
2944,5,0,3,2,0,5,10
882,1,2,0,4,5,0,10
1002,1,2,5,0,0,4,10
2311,4,0,0,3,4,1,10
2852,5,0,2,0,0,5,10
2778,5,0,0,5,2,2,10
337,0,4,1,2,5,0,10
2981,5,0,4,1,2,2,10
1085,1,3,2,2,1,4,10
2782,5,0,0,5,3,2,10
1228,1,4,0,5,3,2,10
1603,2,2,0,5,2,0,10
2804,5,0,1,2,0,5,10
2866,5,0,2,1,0,5,10
2342,4,0,1,2,1,4,10
658,0,5,3,2,1,4,10
2728,5,0,0,2,2,0,10
2878,5,0,2,1,4,1,10
577,0,5,2,0,5,0,10
1405,1,4,4,1,2,2,10
1605,2,2,0,5,2,3,10
590,0,5,2,1,5,0,10
2054,3,0,1,4,3,1,9
2501,4,1,0,4,3,1,9
1631,2,2,1,4,0,4,9
1806,2,3,1,1,4,0,9
1947,2,3,4,0,1,1,9
2827,5,0,1,3,2,3,9
2138,3,0,5,0,1,3,9
1940,2,3,3,2,4,0,9
2381,4,0,2,2,2,3,9
679,0,5,4,0,3,0,9
1591,2,2,0,4,1,4,9
2702,4,1,4,0,3,1,9
563,0,5,2,0,0,3,9
684,0,5,4,1,0,2,9
1716,2,2,5,0,0,4,9
627,0,5,3,0,1,2,9
1924,2,3,3,1,2,2,9
691,0,5,4,1,2,0,9
711,0,5,5,0,3,0,9
1501,2,0,2,2,0,5,9
1867,2,3,2,0,4,0,9
2160,3,1,0,4,2,3,9
1124,1,3,3,2,2,3,9
1132,1,3,4,0,2,3,9
1955,2,3,4,0,3,1,9
2428,4,0,4,1,0,3,9
1325,1,4,2,3,1,3,9
2661,4,1,3,1,0,3,9
703,0,5,5,0,1,1,9
575,0,5,2,0,4,0,9
1782,2,3,0,5,1,3,9
362,0,4,2,0,2,3,9
533,0,5,1,3,1,1,9
2376,4,0,2,1,2,3,9
2208,3,1,1,4,3,0,9
1946,2,3,4,0,0,5,9
249,0,3,3,1,4,1,9
384,0,4,2,3,2,0,9
261,0,3,3,2,4,0,9
232,0,3,2,3,2,2,9
2626,4,1,2,2,4,0,9
1496,2,0,2,1,0,5,9
2413,4,0,3,2,0,3,9
1125,1,3,3,2,3,0,9
2662,4,1,3,1,0,4,9
2039,3,0,1,3,2,3,9
1827,2,3,1,3,0,5,9
2505,4,1,0,5,0,2,9
1770,2,3,0,4,2,2,9
2905,5,0,2,3,2,2,9
1595,2,2,0,4,5,0,9
1989,2,3,5,0,4,0,9
2614,4,1,2,2,0,4,9
2699,4,1,4,0,2,2,9
253,0,3,3,2,1,3,9
1881,2,3,2,1,4,0,9
1682,2,2,3,2,0,4,9
2309,4,0,0,3,2,3,9
1853,2,3,1,4,4,0,9
1927,2,3,3,1,4,0,9
2349,4,0,1,3,2,3,9
6,0,2,0,4,2,3,9
186,0,3,1,3,0,5,9
1544,2,0,4,0,0,5,9
1777,2,3,0,5,0,2,9
284,0,3,4,1,4,0,9
1267,1,4,1,3,2,3,9
1830,2,3,1,3,1,4,9
543,0,5,1,3,4,0,9
1829,2,3,1,3,1,2,9
582,0,5,2,1,2,0,9
1790,2,3,0,5,4,0,9
2015,3,0,0,5,1,4,9
567,0,5,2,0,1,3,9
514,0,5,1,2,0,2,9
1953,2,3,4,0,2,2,9
2202,3,1,1,4,1,2,9
608,0,5,2,3,0,3,9
8,0,2,0,4,4,1,9
888,1,2,0,5,1,4,9
685,0,5,4,1,0,3,9
2049,3,0,1,4,1,3,9
452,0,4,5,0,3,1,9
457,0,5,0,2,1,2,9
2143,3,0,5,0,3,1,9
1390,1,4,4,0,2,3,9
671,0,5,4,0,1,1,9
268,0,3,4,0,4,1,9
628,0,5,3,0,1,3,9
1520,2,0,3,0,0,5,9
1798,2,3,1,1,1,3,9
1080,1,3,2,1,2,3,9
1916,2,3,3,1,0,4,9
411,0,4,3,2,2,2,9
2166,3,1,0,5,0,4,9
1886,2,3,2,2,0,4,9
511,0,5,1,1,4,0,9
556,0,5,1,4,3,0,9
279,0,3,4,1,2,2,9
449,0,4,5,0,2,2,9
2199,3,1,1,4,0,4,9
2805,5,0,1,2,1,1,9
2037,3,0,1,3,0,5,9
220,0,3,2,2,2,3,9
388,0,4,2,3,3,1,9
1552,2,0,4,1,0,5,9
1920,2,3,3,1,1,3,9
266,0,3,4,0,2,3,9
2672,4,1,3,1,4,0,9
477,0,5,0,3,2,3,9
2363,4,0,1,4,2,3,9
1445,2,0,0,4,5,0,9
1280,1,4,2,0,1,3,9
2423,4,0,3,2,2,3,9
2273,3,1,4,1,0,4,9
2038,3,0,1,3,1,4,9
2024,3,0,0,5,5,0,9
2320,4,0,0,5,0,3,9
247,0,3,3,1,2,3,9
2297,3,1,5,0,3,0,9
209,0,3,2,0,2,3,9
414,0,4,3,2,3,1,9
2790,5,0,1,1,1,3,9
1067,1,3,1,4,3,0,9
245,0,3,3,1,0,5,9
1833,2,3,1,3,2,2,9
2624,4,1,2,2,3,1,9
344,0,4,1,4,0,2,9
1831,2,3,1,3,2,0,9
502,0,5,1,1,1,3,9
623,0,5,3,0,0,2,9
576,0,5,2,0,4,1,9
1034,1,3,0,5,0,3,9
436,0,4,4,1,3,1,9
2789,5,0,1,1,1,2,9
962,1,2,3,1,1,4,9
1893,2,3,2,2,3,1,9
2175,3,1,0,5,3,0,9
460,0,5,0,2,2,0,9
69,0,2,2,2,1,4,9
1086,1,3,2,2,2,3,9
282,0,3,4,1,3,1,9
1954,2,3,4,0,3,0,9
1050,1,3,1,1,2,3,9
1146,1,3,4,1,2,3,9
1468,2,0,1,2,0,5,9
222,0,3,2,2,4,1,9
2909,5,0,2,3,4,0,9
2855,5,0,2,0,1,3,9
1835,2,3,1,3,3,1,9
1828,2,3,1,3,1,1,9
482,0,5,0,3,4,1,9
321,0,4,0,5,3,1,9
1846,2,3,1,4,1,3,9
508,0,5,1,1,3,0,9
264,0,3,4,0,0,5,9
1915,2,3,3,1,0,3,9
440,0,4,5,0,0,2,9
1839,2,3,1,3,5,0,9
2438,4,0,4,1,2,3,9
1594,2,2,0,4,4,1,9
1950,2,3,4,0,1,4,9
1053,1,3,1,1,5,0,9
1428,2,0,0,2,0,5,9
527,0,5,1,2,4,0,9
2967,5,0,4,0,2,3,9
2287,3,1,5,0,0,4,9
675,0,5,4,0,2,0,9
1163,1,3,5,0,3,0,9
2613,4,1,2,2,0,3,9
672,0,5,4,0,1,2,9
1951,2,3,4,0,2,0,9
1936,2,3,3,2,1,3,9
1657,2,2,2,3,0,4,9
318,0,4,0,5,2,2,9
2252,3,1,3,2,0,4,9
1545,2,0,4,0,1,4,9
1118,1,3,3,2,0,3,9
1973,2,3,4,1,4,0,9
2042,3,0,1,3,5,0,9
1312,1,4,2,2,2,3,9
534,0,5,1,3,1,2,9
236,0,3,2,3,4,0,9
524,0,5,1,2,3,0,9
1876,2,3,2,1,1,3,9
2162,3,1,0,4,4,1,9
540,0,5,1,3,3,0,9
1474,2,0,1,3,0,5,9
1043,1,3,0,5,3,0,9
234,0,3,2,3,3,1,9
1965,2,3,4,1,1,3,9
464,0,5,0,2,3,0,9
2231,3,1,2,3,0,4,9
1772,2,3,0,4,3,1,9
1162,1,3,5,0,2,3,9
1264,1,4,1,3,2,0,9
1784,2,3,0,5,2,0,9
1862,2,3,2,0,1,3,9
2102,3,0,3,2,1,3,9
2453,4,0,5,0,2,3,9
673,0,5,4,0,1,3,9
1981,2,3,5,0,1,3,9
1328,1,4,2,3,2,2,9
1137,1,3,4,1,0,3,9
2901,5,0,2,3,1,3,9
1509,2,0,2,3,0,5,9
2041,3,0,1,3,4,1,9
1958,2,3,4,0,5,0,9
549,0,5,1,4,1,1,9
2668,4,1,3,1,2,2,9
1944,2,3,4,0,0,3,9
1332,1,4,2,3,4,0,9
1890,2,3,2,2,1,3,9
218,0,3,2,2,0,5,9
1758,2,3,0,3,4,0,9
2329,4,0,0,5,2,3,9
1475,2,0,1,3,1,4,9
2014,3,0,0,5,1,3,9
704,0,5,5,0,1,2,9
2821,5,0,1,3,1,1,9
230,0,3,2,3,2,0,9
2889,5,0,2,2,2,3,9
355,0,4,1,4,3,1,9
536,0,5,1,3,2,0,9
550,0,5,1,4,1,2,9
1598,2,2,0,5,0,4,9
2498,4,1,0,4,2,2,9
636,0,5,3,0,4,0,9
189,0,3,1,3,4,1,9
2386,4,0,2,3,0,3,9
1066,1,3,1,4,2,3,9
433,0,4,4,1,2,2,9
2824,5,0,1,3,2,0,9
518,0,5,1,2,1,3,9
1700,2,2,4,1,0,4,9
352,0,4,1,4,2,2,9
562,0,5,2,0,0,2,9
1948,2,3,4,0,1,2,9
2095,3,0,3,1,5,0,9
1895,2,3,2,2,4,0,9
275,0,3,4,1,1,3,9
1834,2,3,1,3,3,0,9
607,0,5,2,3,0,2,9
1042,1,3,0,5,2,3,9
1933,2,3,3,2,0,5,8
1674,2,2,3,0,5,0,8
913,1,2,1,4,2,0,8
2518,4,1,0,5,3,2,8
2810,5,0,1,2,2,2,8
1412,1,4,5,0,0,2,8
560,0,5,1,4,4,1,8
2631,4,1,2,3,0,5,8
2492,4,1,0,4,1,1,8
1513,2,0,2,3,1,4,8
1978,2,3,5,0,0,5,8
1007,1,2,5,0,2,0,8
1295,1,4,2,1,2,2,8
1172,1,4,0,2,1,2,8
1340,1,4,3,0,1,2,8
2517,4,1,0,5,3,1,8
1344,1,4,3,0,2,2,8
688,0,5,4,1,1,2,8
2615,4,1,2,2,0,5,8
2333,4,0,0,5,4,1,8
99,0,2,3,1,4,1,8
96,0,2,3,1,1,4,8
2516,4,1,0,5,3,0,8
589,0,5,2,1,4,1,8
1497,2,0,2,1,1,4,8
2139,3,0,5,0,1,4,8
1254,1,4,1,2,3,0,8
2496,4,1,0,4,2,0,8
1768,2,3,0,4,2,0,8
2725,5,0,0,2,1,2,8
528,0,5,1,2,4,1,8
1318,1,4,2,2,5,0,8
2059,3,0,2,0,0,5,8
1177,1,4,0,2,2,3,8
2677,4,1,3,2,0,5,8
633,0,5,3,0,2,3,8
978,1,2,4,0,0,5,8
2103,3,0,3,2,1,4,8
1917,2,3,3,1,0,5,8
1713,2,2,4,1,5,0,8
1088,1,3,2,2,4,1,8
698,0,5,4,1,4,0,8
2724,5,0,0,2,1,1,8
1788,2,3,0,5,3,1,8
2510,4,1,0,5,1,3,8
406,0,4,3,2,1,2,8
2886,5,0,2,2,1,4,8
2701,4,1,4,0,3,0,8
34,0,2,1,2,5,0,8
1297,1,4,2,1,3,0,8
2556,4,1,1,3,1,2,8
2883,5,0,2,2,1,1,8
1246,1,4,1,2,0,2,8
1651,2,2,2,1,1,4,8
1611,2,2,0,5,5,0,8
870,1,2,0,2,5,0,8
2880,5,0,2,2,0,3,8
332,0,4,1,2,0,5,8
682,0,5,4,0,4,1,8
2519,4,1,0,5,4,0,8
1676,2,2,3,1,1,4,8
1347,1,4,3,0,3,2,8
58,0,2,2,0,1,4,8
1294,1,4,2,1,2,0,8
980,1,2,4,0,2,3,8
2554,4,1,1,3,0,5,8
1786,2,3,0,5,2,2,8
271,0,3,4,1,0,4,8
1012,1,2,5,0,3,1,8
1582,2,2,0,2,4,1,8
662,0,5,3,2,2,3,8
1628,2,2,1,3,5,0,8
1367,1,4,3,2,0,2,8
498,0,5,1,1,0,2,8
100,0,2,3,1,5,0,8
1662,2,2,2,3,1,4,8
1764,2,3,0,4,1,1,8
1452,2,0,0,5,1,4,8
2941,5,0,3,2,0,2,8
1962,2,3,4,1,0,5,8
637,0,5,3,0,4,1,8
1168,1,4,0,2,0,3,8
1858,2,3,2,0,0,4,8
140,0,2,5,0,1,4,8
1697,2,2,4,0,5,0,8
1479,2,0,1,3,5,0,8
2070,3,0,2,2,1,4,8
896,1,2,0,5,4,0,8
1313,1,4,2,2,3,0,8
1693,2,2,4,0,1,4,8
2694,4,1,4,0,1,2,8
1538,2,0,3,2,1,4,8
1145,1,3,4,1,2,2,8
71,0,2,2,2,4,1,8
2562,4,1,1,3,3,0,8
1416,1,4,5,0,1,1,8
1748,2,3,0,3,0,5,8
103,0,2,3,2,1,4,8
2842,5,0,1,4,2,2,8
1236,1,4,1,1,2,0,8
1284,1,4,2,0,3,0,8
29,0,2,1,1,5,0,8
903,1,2,1,1,5,0,8
2383,4,0,2,2,4,1,8
968,1,2,3,2,0,4,8
70,0,2,2,2,2,3,8
1721,2,2,5,0,1,4,8
523,0,5,1,2,2,3,8
1171,1,4,0,2,1,1,8
88,0,2,2,3,5,0,8
1787,2,3,0,5,3,0,8
625,0,5,3,0,0,4,8
619,0,5,2,3,3,2,8
2918,5,0,3,0,1,4,8
2065,3,0,2,1,1,4,8
1778,2,3,0,5,0,3,8
1194,1,4,0,3,3,0,8
2785,5,0,1,1,0,2,8
2016,3,0,0,5,2,0,8
1373,1,4,3,2,2,2,8
2872,5,0,2,1,2,2,8
56,0,2,1,4,5,0,8
1646,2,2,2,0,1,4,8
687,0,5,4,1,1,1,8
2323,4,0,0,5,1,2,8
393,0,4,3,0,0,5,8
970,1,2,3,2,2,0,8
2108,3,0,3,2,4,0,8
2730,5,0,0,2,2,2,8
2060,3,0,2,0,1,4,8
1268,1,4,1,3,3,0,8
2911,5,0,3,0,0,2,8
918,1,2,1,4,3,1,8
1238,1,4,1,1,2,2,8
1345,1,4,3,0,2,3,8
2509,4,1,0,5,1,2,8
2732,5,0,0,2,3,0,8
79,0,2,2,3,1,4,8
1644,2,2,1,4,5,0,8
364,0,4,2,0,4,1,8
2475,4,1,0,3,0,5,8
974,1,2,3,2,3,1,8
1049,1,3,1,1,0,5,8
2437,4,0,4,1,2,2,8
1073,1,3,2,0,0,5,8
715,0,5,5,0,4,1,8
2369,4,0,2,0,0,5,8
964,1,2,3,1,3,2,8
1342,1,4,3,0,2,0,8
2890,5,0,2,2,3,0,8
1843,2,3,1,4,0,5,8
1454,2,0,0,5,2,2,8
1004,1,2,5,0,1,1,8
1649,2,2,2,0,5,0,8
617,0,5,2,3,3,0,8
1873,2,3,2,1,0,5,8
507,0,5,1,1,2,3,8
584,0,5,2,1,2,3,8
2507,4,1,0,5,0,4,8
966,1,2,3,1,5,0,8
938,1,2,2,2,5,0,8
1421,1,4,5,0,2,2,8
1341,1,4,3,0,1,3,8
2123,3,0,4,1,1,4,8
443,0,4,5,0,1,1,8
1795,2,3,1,1,0,4,8
2506,4,1,0,5,0,3,8
1319,1,4,2,3,0,2,8
63,0,2,2,1,1,4,8
886,1,2,0,5,1,1,8
49,0,2,1,4,2,2,8
1307,1,4,2,2,1,1,8
1329,1,4,2,3,3,0,8
2854,5,0,2,0,1,2,8
1583,2,2,0,2,5,0,8
1429,2,0,0,2,1,4,8
1624,2,2,1,3,1,4,8
1283,1,4,2,0,2,3,8
1252,1,4,1,2,2,2,8
611,0,5,2,3,1,2,8
678,0,5,4,0,2,3,8
2585,4,1,2,0,0,4,8
899,1,2,1,1,0,5,8
737,1,1,0,5,1,2,8
13,0,2,0,5,1,4,8
225,0,3,2,3,0,4,8
492,0,5,0,4,3,0,8
2731,5,0,0,2,2,3,8
1602,2,2,0,5,1,4,8
2895,5,0,2,3,0,2,8
1339,1,4,3,0,1,1,8
1442,2,0,0,4,2,3,8
1304,1,4,2,2,0,3,8
330,0,4,1,1,4,1,8
982,1,2,4,0,4,1,8
2508,4,1,0,5,1,1,8
5,0,2,0,4,1,4,8
1680,2,2,3,1,5,0,8
689,0,5,4,1,1,3,8
1619,2,2,1,2,1,4,8
2801,5,0,1,2,0,2,8
2514,4,1,0,5,2,2,8
1423,1,4,5,0,3,0,8
2884,5,0,2,2,1,2,8
2794,5,0,1,1,2,2,8
1336,1,4,3,0,0,3,8
1629,2,2,1,4,0,2,8
755,1,1,1,3,0,5,8
158,0,3,0,4,4,1,8
97,0,2,3,1,2,3,8
347,0,4,1,4,1,1,8
2863,5,0,2,1,0,2,8
2808,5,0,1,2,2,0,8
610,0,5,2,3,1,1,8
1781,2,3,0,5,1,2,8
2602,4,1,2,1,0,5,8
512,0,5,1,1,4,1,8
877,1,2,0,4,0,5,8
378,0,4,2,3,0,3,8
1232,1,4,1,1,0,2,8
2692,4,1,4,0,0,5,8
328,0,4,1,1,2,3,8
1245,1,4,1,1,5,0,8
2951,5,0,3,2,2,2,8
1308,1,4,2,2,1,2,8
1279,1,4,2,0,1,2,8
620,0,5,2,3,4,0,8
695,0,5,4,1,3,0,8
1789,2,3,0,5,3,2,8
1451,2,0,0,5,1,3,8
2721,5,0,0,2,0,3,8
2837,5,0,1,4,1,1,8
425,0,4,4,1,0,3,8
2833,5,0,1,4,0,2,8
72,0,2,2,2,5,0,8
2879,5,0,2,2,0,2,8
1178,1,4,0,2,3,0,8
1326,1,4,2,3,2,0,8
2920,5,0,3,0,2,2,8
67,0,2,2,1,5,0,8
1375,1,4,3,2,3,0,8
1636,2,2,1,4,2,0,8
885,1,2,0,5,0,4,8
160,0,3,0,5,1,1,8
666,0,5,3,2,4,1,8
2791,5,0,1,1,1,4,8
1343,1,4,3,0,2,1,8
2523,4,1,1,1,0,4,8
111,0,2,3,2,5,0,8
1290,1,4,2,1,0,2,8
1670,2,2,3,0,1,4,8
156,0,3,0,4,2,3,8
2032,3,0,1,2,1,4,8
1275,1,4,2,0,0,3,8
23,0,2,0,5,5,0,8
2708,4,1,5,0,0,5,8
1779,2,3,0,5,0,4,8
1705,2,2,4,1,1,4,8
133,0,2,4,1,5,0,8
1502,2,0,2,2,1,4,8
2424,4,0,3,2,3,0,8
1350,1,4,3,0,5,0,8
2570,4,1,1,4,0,5,8
1371,1,4,3,2,2,0,8
1335,1,4,3,0,0,2,8
1580,2,2,0,2,1,4,8
544,0,5,1,3,4,1,8
1668,2,2,2,3,5,0,8
124,0,2,4,1,1,4,8
456,0,5,0,2,1,1,8
612,0,5,2,3,1,3,8
1654,2,2,2,1,5,0,8
697,0,5,4,1,3,2,8
62,0,2,2,0,5,0,8
1992,3,0,0,2,1,4,8
1691,2,2,3,2,5,0,8
1780,2,3,0,5,1,1,8
928,1,2,2,0,5,0,8
1456,2,0,0,5,3,0,8
9,0,2,0,4,5,0,8
1278,1,4,2,0,1,1,8
2512,4,1,0,5,2,0,8
1722,2,2,5,0,2,0,8
1533,2,0,3,2,0,4,8
1250,1,4,1,2,2,0,8
539,0,5,1,3,2,3,8
485,0,5,0,4,1,2,8
25,0,2,1,1,1,4,8
1556,2,0,4,1,1,4,8
1622,2,2,1,2,5,0,8
1036,1,3,0,5,1,1,8
1686,2,2,3,2,1,4,8
164,0,3,0,5,2,0,8
2663,4,1,3,1,0,5,8
516,0,5,1,2,0,4,8
709,0,5,5,0,2,2,7
2115,3,0,4,0,4,1,7
2461,4,1,0,2,1,2,7
442,0,4,5,0,0,5,7
1485,2,0,1,4,1,2,7
1241,1,4,1,1,3,1,7
2044,3,0,1,4,0,3,7
202,0,3,1,4,3,1,7
1870,2,3,2,1,0,2,7
64,0,2,2,1,2,3,7
2628,4,1,2,3,0,2,7
1104,1,3,2,3,5,0,7
2926,5,0,3,1,0,3,7
2813,5,0,1,2,3,1,7
1897,2,3,2,2,5,0,7
1730,2,3,0,2,0,3,7
290,0,3,5,0,1,2,7
1739,2,3,0,2,2,2,7
2003,3,0,0,4,0,5,7
409,0,4,3,2,2,0,7
1699,2,2,4,1,0,3,7
28,0,2,1,1,4,1,7
280,0,3,4,1,2,3,7
904,1,2,1,3,0,5,7
106,0,2,3,2,2,3,7
2230,3,1,2,3,0,3,7
1975,2,3,5,0,0,2,7
250,0,3,3,1,5,0,7
2251,3,1,3,2,0,3,7
226,0,3,2,3,0,5,7
2401,4,0,3,0,0,5,7
237,0,3,2,3,4,1,7
2133,3,0,5,0,0,3,7
241,0,3,3,0,2,3,7
2367,4,0,1,4,4,1,7
1054,1,3,1,2,0,5,7
2705,4,1,5,0,0,2,7
1719,2,2,5,0,1,2,7
61,0,2,2,0,4,1,7
2456,4,0,5,0,4,1,7
153,0,3,0,2,4,1,7
1233,1,4,1,1,0,3,7
228,0,3,2,3,1,2,7
1810,2,3,1,2,0,3,7
2741,5,0,0,3,1,2,7
26,0,2,1,1,2,3,7
272,0,3,4,1,0,5,7
1860,2,3,2,0,1,1,7
1891,2,3,2,2,1,4,7
546,0,5,1,4,0,2,7
45,0,2,1,4,1,2,7
270,0,3,4,1,0,2,7
207,0,3,2,0,0,5,7
2936,5,0,3,1,2,3,7
1996,3,0,0,2,5,0,7
1740,2,3,0,2,3,0,7
274,0,3,4,1,1,2,7
1188,1,4,0,3,1,2,7
145,0,2,5,0,3,0,7
75,0,2,2,3,0,5,7
3,0,2,0,3,4,1,7
2076,3,0,2,3,0,3,7
1597,2,2,0,5,0,3,7
2457,4,1,0,2,0,3,7
1330,1,4,2,3,3,1,7
1746,2,3,0,3,0,2,7
1813,2,3,1,2,1,1,7
893,1,2,0,5,3,0,7
277,0,3,4,1,2,0,7
201,0,3,1,4,3,0,7
867,1,2,0,2,1,4,7
910,1,2,1,4,0,3,7
312,0,4,0,5,1,1,7
2645,4,1,3,0,0,3,7
2828,5,0,1,3,3,0,7
2933,5,0,3,1,2,0,7
1001,1,2,5,0,0,3,7
2660,4,1,3,1,0,2,7
297,0,3,5,0,3,0,7
227,0,3,2,3,1,1,7
2466,4,1,0,2,2,2,7
447,0,4,5,0,2,0,7
2464,4,1,0,2,2,0,7
2711,4,1,5,0,1,3,7
2400,4,0,2,3,5,0,7
2468,4,1,0,2,3,0,7
1800,2,3,1,1,2,0,7
233,0,3,2,3,3,0,7
1733,2,3,0,2,1,1,7
151,0,3,0,2,2,3,7
43,0,2,1,4,0,5,7
2111,3,0,4,0,0,5,7
144,0,2,5,0,2,3,7
1899,2,3,3,0,0,3,7
2748,5,0,0,3,3,0,7
2392,4,0,2,3,1,4,7
2286,3,1,5,0,0,3,7
2290,3,1,5,0,1,2,7
2528,4,1,1,1,2,0,7
1840,2,3,1,4,0,2,7
2013,3,0,0,5,1,2,7
2022,3,0,0,5,4,0,7
1638,2,2,1,4,2,3,7
1,0,2,0,3,2,3,7
1151,1,3,4,1,5,0,7
87,0,2,2,3,4,1,7
2434,4,0,4,1,1,4,7
2473,4,1,0,3,0,2,7
1448,2,0,0,5,0,4,7
2525,4,1,1,1,1,2,7
2460,4,1,0,2,1,1,7
1476,2,0,1,3,2,3,7
2850,5,0,2,0,0,3,7
346,0,4,1,4,0,5,7
2929,5,0,3,1,1,1,7
1959,2,3,4,1,0,2,7
2531,4,1,1,1,3,0,7
298,0,3,5,0,3,1,7
211,0,3,2,0,4,1,7
1482,2,0,1,4,0,4,7
182,0,3,1,2,2,3,7
1567,2,0,5,0,0,4,7
1902,2,3,3,0,1,1,7
2272,3,1,4,1,0,3,7
315,0,4,0,5,1,4,7
1797,2,3,1,1,1,2,7
591,0,5,2,2,0,2,7
700,0,5,5,0,0,2,7
1352,1,4,3,1,0,3,7
2587,4,1,2,0,1,1,7
1985,2,3,5,0,2,2,7
1003,1,2,5,0,0,5,7
2599,4,1,2,1,0,2,7
2674,4,1,3,2,0,2,7
907,1,2,1,3,4,1,7
702,0,5,5,0,0,4,7
2583,4,1,2,0,0,2,7
199,0,3,1,4,2,2,7
22,0,2,0,5,4,1,7
224,0,3,2,3,0,2,7
51,0,2,1,4,3,0,7
2859,5,0,2,0,2,3,7
1737,2,3,0,2,2,0,7
1793,2,3,1,1,0,2,7
2612,4,1,2,2,0,2,7
257,0,3,3,2,2,2,7
2912,5,0,3,0,0,3,7
185,0,3,1,2,5,0,7
1142,1,3,4,1,1,4,7
110,0,2,3,2,4,1,7
940,1,2,2,3,0,3,7
1734,2,3,0,2,1,2,7
1167,1,3,5,0,4,1,7
2165,3,1,0,5,0,3,7
2860,5,0,2,0,3,1,7
167,0,3,0,5,2,3,7
2521,4,1,1,1,0,2,7
1849,2,3,1,4,2,2,7
1444,2,0,0,4,4,1,7
1187,1,4,0,3,1,1,7
1914,2,3,3,1,0,2,7
2341,4,0,1,2,0,5,7
2046,3,0,1,4,0,5,7
1630,2,2,1,4,0,3,7
176,0,3,1,1,2,3,7
240,0,3,3,0,1,4,7
2652,4,1,3,0,2,0,7
905,1,2,1,3,2,3,7
462,0,5,0,2,2,2,7
281,0,3,4,1,3,0,7
1105,1,3,3,0,0,5,7
2594,4,1,2,0,3,0,7
149,0,2,5,0,4,1,7
2720,4,1,5,0,4,0,7
50,0,2,1,4,2,3,7
1355,1,4,3,1,1,1,7
1930,2,3,3,2,0,2,7
195,0,3,1,4,1,2,7
2797,5,0,1,1,3,1,7
2907,5,0,2,3,3,1,7
898,1,2,0,5,5,0,7
2117,3,0,4,1,0,3,7
136,0,2,5,0,0,5,7
1532,2,0,3,2,0,3,7
2135,3,0,5,0,0,5,7
1656,2,2,2,3,0,3,7
1508,2,0,2,3,0,4,7
1095,1,3,2,3,1,4,7
1681,2,2,3,2,0,3,7
295,0,3,5,0,2,2,7
1450,2,0,0,5,1,2,7
181,0,3,1,2,1,4,7
260,0,3,3,2,3,1,7
246,0,3,3,1,1,4,7
2581,4,1,1,4,4,0,7
554,0,5,1,4,2,2,7
273,0,3,4,1,1,1,7
316,0,4,0,5,2,0,7
1884,2,3,2,2,0,2,7
1546,2,0,4,0,2,3,7
1724,2,2,5,0,2,3,7
350,0,4,1,4,2,0,7
639,0,5,3,1,0,2,7
1505,2,0,2,2,5,0,7
138,0,2,5,0,1,2,7
2255,3,1,3,2,1,2,7
548,0,5,1,4,0,4,7
1715,2,2,5,0,0,3,7
2091,3,0,3,1,0,5,7
2573,4,1,1,4,1,3,7
325,0,4,0,5,5,0,7
2648,4,1,3,0,1,1,7
59,0,2,2,0,2,3,7
184,0,3,1,2,4,1,7
17,0,2,0,5,2,3,7
465,0,5,0,2,3,1,7
1736,2,3,0,2,1,4,7
1247,1,4,1,2,0,3,7
244,0,3,3,0,5,0,7
1551,2,0,4,1,0,4,7
2588,4,1,2,0,1,2,7
2275,3,1,4,1,1,2,7
2903,5,0,2,3,2,0,7
2539,4,1,1,2,1,1,7
172,0,3,0,5,4,1,7
2113,3,0,4,0,2,3,7
2542,4,1,1,2,2,0,7
924,1,2,2,0,1,4,7
2567,4,1,1,4,0,2,7
66,0,2,2,1,4,1,7
120,0,2,4,1,0,5,7
2442,4,0,4,1,5,0,7
178,0,3,1,1,4,1,7
1745,2,3,0,2,5,0,7
887,1,2,0,5,1,3,7
128,0,2,4,1,2,3,7
431,0,4,4,1,2,0,7
1570,2,0,5,0,1,2,7
243,0,3,3,0,4,1,7
2234,3,1,2,3,1,2,7
1361,1,4,3,1,2,3,7
1071,1,3,1,4,4,1,7
2168,3,1,0,5,1,2,7
1741,2,3,0,2,3,1,7
1803,2,3,1,1,3,0,7
219,0,3,2,2,1,4,7
2469,4,1,0,2,3,1,7
912,1,2,1,4,0,5,7
223,0,3,2,2,5,0,7
55,0,2,1,4,4,1,7
2198,3,1,1,4,0,3,7
1856,2,3,2,0,0,2,7
738,1,1,0,5,1,3,6
154,0,3,0,2,5,0,6
1039,1,3,0,5,2,0,6
1760,2,3,0,3,5,0,6
2843,5,0,1,4,2,3,6
2822,5,0,1,3,1,2,6
1455,2,0,0,5,2,3,6
733,1,1,0,4,5,0,6
908,1,2,1,3,5,0,6
2132,3,0,5,0,0,2,6
1159,1,3,5,0,2,0,6
1704,2,2,4,1,1,3,6
2395,4,0,2,3,2,2,6
1106,1,3,3,0,1,4,6
1422,1,4,5,0,2,3,6
1627,2,2,1,3,4,1,6
1751,2,3,0,3,1,4,6
1921,2,3,3,1,1,4,6
1087,1,3,2,2,3,2,6
1815,2,3,1,2,1,4,6
2009,3,0,0,5,0,2,6
1432,2,0,0,2,4,1,6
2747,5,0,0,3,2,3,6
1446,2,0,0,5,0,2,6
961,1,2,3,1,0,5,6
1512,2,0,2,3,1,3,6
2786,5,0,1,1,0,3,6
1877,2,3,2,1,1,4,6
1869,2,3,2,0,5,0,6
427,0,4,4,1,1,1,6
2012,3,0,0,5,1,1,6
2904,5,0,2,3,2,1,6
1712,2,2,4,1,4,0,6
950,1,2,2,3,3,1,6
1754,2,3,0,3,2,2,6
1156,1,3,5,0,1,1,6
1885,2,3,2,2,0,3,6
1531,2,0,3,2,0,2,6
1431,2,0,0,2,3,2,6
750,1,1,1,2,0,5,6
1320,1,4,2,3,0,3,6
1642,2,2,1,4,4,0,6
2899,5,0,2,3,1,1,6
1123,1,3,3,2,2,2,6
1555,2,0,4,1,1,3,6
991,1,2,4,1,2,0,6
2522,4,1,1,1,0,3,6
57,0,2,2,0,0,5,6
894,1,2,0,5,3,1,6
2923,5,0,3,0,3,2,6
1143,1,3,4,1,2,0,6
1855,2,3,1,4,5,0,6
30,0,2,1,2,0,5,6
1058,1,3,1,2,5,0,6
1193,1,4,0,3,2,3,6
2382,4,0,2,2,3,2,6
2949,5,0,3,2,2,0,6
2896,5,0,2,3,0,3,6
1478,2,0,1,3,4,1,6
1625,2,2,1,3,2,3,6
1331,1,4,2,3,3,2,6
1720,2,2,5,0,1,3,6
883,1,2,0,5,0,2,6
1905,2,3,3,0,1,4,6
2156,3,1,0,3,4,1,6
1121,1,3,3,2,2,0,6
1794,2,3,1,1,0,3,6
832,1,1,4,0,2,3,6
1861,2,3,2,0,1,2,6
763,1,1,1,4,0,5,6
2150,3,1,0,2,4,1,6
963,1,2,3,1,2,3,6
1937,2,3,3,2,1,4,6
1609,2,2,0,5,4,0,6
927,1,2,2,0,4,1,6
1161,1,3,5,0,2,2,6
1571,2,0,5,0,1,3,6
1005,1,2,5,0,1,3,6
2152,3,1,0,3,0,5,6
1623,2,2,1,3,0,5,6
2422,4,0,3,2,2,2,6
1025,1,3,0,3,4,1,6
1374,1,4,3,2,2,3,6
2148,3,1,0,2,2,3,6
996,1,2,4,1,3,1,6
1692,2,2,4,0,0,5,6
2902,5,0,2,3,1,4,6
1063,1,3,1,4,2,0,6
125,0,2,4,1,2,0,6
95,0,2,3,1,0,5,6
1433,2,0,0,2,5,0,6
2043,3,0,1,4,0,2,6
2452,4,0,5,0,2,2,6
150,0,3,0,2,1,4,6
1586,2,2,0,3,2,3,6
89,0,2,3,0,0,5,6
2806,5,0,1,2,1,3,6
1327,1,4,2,3,2,1,6
1098,1,3,2,3,2,2,6
1929,2,3,3,1,5,0,6
1084,1,3,2,2,0,5,6
1666,2,2,2,3,4,0,6
1799,2,3,1,1,1,4,6
1543,2,0,3,2,5,0,6
289,0,3,5,0,1,1,6
2328,4,0,0,5,2,2,6
2795,5,0,1,1,2,3,6
2953,5,0,3,2,3,0,6
1695,2,2,4,0,3,2,6
2154,3,1,0,3,2,3,6
1601,2,2,0,5,1,3,6
1913,2,3,3,0,5,0,6
1685,2,2,3,2,1,3,6
1239,1,4,1,1,2,3,6
476,0,5,0,3,2,2,6
2110,3,0,3,2,5,0,6
1157,1,3,5,0,1,2,6
2740,5,0,0,3,1,1,6
853,1,1,5,0,0,5,6
2873,5,0,2,1,2,3,6
2900,5,0,2,3,1,2,6
1110,1,3,3,0,5,0,6
1065,1,3,1,4,2,2,6
1808,2,3,1,1,5,0,6
1076,1,3,2,0,3,2,6
2811,5,0,1,2,2,3,6
2921,5,0,3,0,2,3,6
1041,1,3,0,5,2,2,6
728,1,1,0,4,0,5,6
1661,2,2,2,3,1,3,6
1324,1,4,2,3,1,2,6
2552,4,1,1,3,0,3,6
2379,4,0,2,2,0,5,6
1626,2,2,1,3,3,2,6
1942,2,3,3,2,5,0,6
1966,2,3,4,1,1,4,6
1635,2,2,1,4,1,3,6
965,1,2,3,1,4,1,6
1000,1,2,5,0,0,2,6
1537,2,0,3,2,1,3,6
1588,2,2,0,3,4,1,6
1864,2,3,2,0,3,0,6
479,0,5,0,3,3,1,6
1096,1,3,2,3,2,0,6
1334,1,4,2,3,5,0,6
2186,3,1,1,2,1,4,6
2592,4,1,2,0,2,2,6
2362,4,0,1,4,2,2,6
179,0,3,1,1,5,0,6
68,0,2,2,2,0,5,6
806,1,1,3,0,0,5,6
1296,1,4,2,1,2,3,6
2620,4,1,2,2,2,0,6
1253,1,4,1,2,2,3,6
1323,1,4,2,3,1,1,6
1883,2,3,2,1,5,0,6
1477,2,0,1,3,3,2,6
2952,5,0,3,2,2,3,6
2906,5,0,2,3,3,0,6
1696,2,2,4,0,4,1,6
1863,2,3,2,0,1,4,6
2190,3,1,1,2,5,0,6
380,0,4,2,3,1,1,6
1459,2,0,0,5,4,0,6
1584,2,2,0,3,0,5,6
1486,2,0,1,4,1,3,6
922,1,2,1,4,5,0,6
1694,2,2,4,0,2,3,6
2478,4,1,0,3,1,3,6
1982,2,3,5,0,1,4,6
889,1,2,0,5,2,0,6
909,1,2,1,4,0,2,6
926,1,2,2,0,3,2,6
1857,2,3,2,0,0,3,6
1824,2,3,1,2,5,0,6
1728,2,2,5,0,4,0,6
1974,2,3,4,1,5,0,6
1689,2,2,3,2,4,0,6
2908,5,0,2,3,3,2,6
2576,4,1,1,4,2,2,5
1922,2,3,3,1,2,0,5
1566,2,0,5,0,0,3,5
2919,5,0,3,0,2,1,5
258,0,3,3,2,2,3,5
552,0,5,1,4,2,0,5
1062,1,3,1,4,0,5,5
1960,2,3,4,1,0,3,5
1022,1,3,0,3,0,5,5
2247,3,1,3,0,2,3,5
278,0,3,4,1,2,1,5
2595,4,1,2,0,3,1,5
631,0,5,3,0,2,1,5
1616,2,2,1,1,4,1,5
987,1,2,4,1,0,5,5
510,0,5,1,1,3,2,5
656,0,5,3,2,1,2,5
1596,2,2,0,5,0,2,5
1926,2,3,3,1,3,2,5
585,0,5,2,1,3,0,5
2600,4,1,2,1,0,3,5
2356,4,0,1,4,0,5,5
2347,4,0,1,3,0,5,5
1621,2,2,1,2,4,1,5
2285,3,1,5,0,0,2,5
895,1,2,0,5,3,2,5
2207,3,1,1,4,2,3,5
2197,3,1,1,4,0,2,5
2330,4,0,0,5,3,0,5
739,1,1,0,5,1,4,5
578,0,5,2,1,1,1,5
2094,3,0,3,1,4,1,5
1690,2,2,3,2,4,1,5
143,0,2,5,0,2,2,5
2622,4,1,2,2,2,3,5
2621,4,1,2,2,2,1,5
2296,3,1,5,0,2,3,5
1698,2,2,4,1,0,2,5
208,0,3,2,0,1,4,5
542,0,5,1,3,3,2,5
754,1,1,1,2,5,0,5
892,1,2,0,5,2,3,5
2307,4,0,0,3,0,5,5
1655,2,2,2,3,0,2,5
2664,4,1,3,1,1,2,5
1037,1,3,0,5,1,2,5
382,0,4,2,3,1,3,5
2069,3,0,2,2,0,5,5
2429,4,0,4,1,0,4,5
2800,5,0,1,1,4,1,5
812,1,1,3,1,0,5,5
2174,3,1,0,5,2,3,5
2271,3,1,4,1,0,2,5
1550,2,0,4,1,0,3,5
2250,3,1,3,2,0,2,5
2011,3,0,0,5,0,4,5
719,1,1,0,2,3,2,5
657,0,5,3,2,1,3,5
1847,2,3,1,4,2,0,5
1928,2,3,3,1,4,1,5
1896,2,3,2,2,4,1,5
216,0,3,2,1,4,1,5
1820,2,3,1,2,3,1,5
296,0,3,5,0,2,3,5
1865,2,3,2,0,3,1,5
467,0,5,0,2,4,0,5
1430,2,0,0,2,2,3,5
796,1,1,2,3,1,4,5
1016,1,3,0,2,0,5,5
2019,3,0,0,5,2,3,5
2617,4,1,2,2,1,2,5
458,0,5,0,2,1,3,5
115,0,2,4,0,3,2,5
42,0,2,1,4,0,4,5
2670,4,1,3,1,3,0,5
773,1,1,1,4,5,0,5
2874,5,0,2,1,3,0,5
2068,3,0,2,1,5,0,5
1568,2,0,5,0,0,5,5
2243,3,1,2,3,4,1,5
955,1,2,3,0,0,5,5
2182,3,1,1,1,2,3,5
1939,2,3,3,2,3,1,5
2799,5,0,1,1,4,0,5
736,1,1,0,5,0,4,5
499,0,5,1,1,0,3,5
2638,4,1,2,3,2,2,5
759,1,1,1,3,5,0,5
2263,3,1,3,2,4,1,5
1983,2,3,5,0,2,0,5
2119,3,0,4,1,0,5,5
624,0,5,3,0,0,3,5
2304,4,0,0,2,3,2,5
2420,4,0,3,2,2,0,5
1130,1,3,4,0,0,5,5
551,0,5,1,4,1,3,5
1610,2,2,0,5,4,1,5
1923,2,3,3,1,2,1,5
231,0,3,2,3,2,1,5
2862,5,0,2,0,4,1,5
969,1,2,3,2,0,5,5
588,0,5,2,1,4,0,5
2640,4,1,2,3,3,1,5
60,0,2,2,0,3,2,5
197,0,3,1,4,2,0,5
526,0,5,1,2,3,2,5
681,0,5,4,0,3,2,5
2718,4,1,5,0,3,1,5
942,1,2,2,3,0,5,5
2666,4,1,3,1,1,4,5
283,0,3,4,1,3,2,5
729,1,1,0,4,1,4,5
2607,4,1,2,1,2,2,5
2792,5,0,1,1,2,0,5
1648,2,2,2,0,4,1,5
2623,4,1,2,2,3,0,5
2078,3,0,2,3,0,5,5
2093,3,0,3,1,2,3,5
472,0,5,0,3,1,3,5
1667,2,2,2,3,4,1,5
2536,4,1,1,2,0,3,5
943,1,2,2,3,1,1,5
1258,1,4,1,2,4,1,5
521,0,5,1,2,2,1,5
438,0,4,4,1,4,0,5
200,0,3,1,4,2,3,5
146,0,2,5,0,3,1,5
884,1,2,0,5,0,3,5
784,1,1,2,2,0,5,5
2215,3,1,2,0,2,3,5
104,0,2,3,2,2,0,5
214,0,3,2,1,2,3,5
2529,4,1,1,1,2,2,5
255,0,3,3,2,2,0,5
2335,4,0,1,1,0,5,5
2164,3,1,0,5,0,2,5
1673,2,2,3,0,4,1,5
1447,2,0,0,5,0,3,5
2853,5,0,2,0,1,1,5
2430,4,0,4,1,0,5,5
2151,3,1,0,2,5,0,5
1987,2,3,5,0,3,1,5
537,0,5,1,3,2,1,5
2656,4,1,3,0,3,1,5
2544,4,1,1,2,2,2,5
1579,2,2,0,2,0,5,5
897,1,2,0,5,4,1,5
705,0,5,5,0,1,3,5
2482,4,1,0,3,2,2,5
2388,4,0,2,3,0,5,5
1991,3,0,0,2,0,5,5
1997,3,0,0,3,0,5,5
235,0,3,2,3,3,2,5
210,0,3,2,0,3,2,5
1481,2,0,1,4,0,3,5
515,0,5,1,2,0,3,5
1244,1,4,1,1,4,1,5
2183,3,1,1,1,3,2,5
1909,2,3,3,0,3,1,5
871,1,2,0,3,0,5,5
2584,4,1,2,0,0,3,5
811,1,1,3,0,5,0,5
1679,2,2,3,1,4,1,5
852,1,1,5,0,0,4,5
84,0,2,2,3,3,1,5
52,0,2,1,4,3,1,5
1461,2,0,0,5,5,0,5
635,0,5,3,0,3,2,5
2023,3,0,0,5,4,1,5
390,0,4,2,3,4,0,5
168,0,3,0,5,3,0,5
161,0,3,0,5,1,2,5
2018,3,0,0,5,2,2,5
16,0,2,0,5,2,2,5
1500,2,0,2,1,5,0,5
2924,5,0,3,0,4,1,5
2687,4,1,3,2,3,1,5
174,0,3,1,1,0,5,5
2063,3,0,2,0,4,1,5
229,0,3,2,3,1,4,5
2619,4,1,2,2,1,4,5
2706,4,1,5,0,0,3,5
1879,2,3,2,1,3,1,5
1139,1,3,4,1,0,5,5
276,0,3,4,1,1,4,5
1931,2,3,3,2,0,3,5
2915,5,0,3,0,1,1,5
1092,1,3,2,3,0,5,5
655,0,5,3,2,1,1,5
2300,3,1,5,0,4,1,5
2446,4,0,5,0,0,5,5
830,1,1,4,0,0,5,5
1079,1,3,2,1,0,5,5
2216,3,1,2,0,3,2,5
668,0,5,4,0,0,2,5
1918,2,3,3,1,1,1,5
1488,2,0,1,4,2,2,5
2021,3,0,0,5,3,2,5
2261,3,1,3,2,2,3,5
722,1,1,0,3,0,5,5
985,1,2,4,1,0,3,5
481,0,5,0,3,4,0,5
762,1,1,1,4,0,4,5
2280,3,1,4,1,2,3,5
2684,4,1,3,2,2,2,5
1489,2,0,1,4,2,3,5
1925,2,3,3,1,3,0,5
2983,5,0,4,1,3,0,5
580,0,5,2,1,1,3,5
98,0,2,3,1,3,2,5
1564,2,0,4,1,5,0,5
890,1,2,0,5,2,1,5
194,0,3,1,4,1,1,5
1871,2,3,2,1,0,3,5
82,0,2,2,3,2,2,5
866,1,2,0,2,0,5,5
1138,1,3,4,1,0,4,5
923,1,2,2,0,0,5,5
262,0,3,3,2,4,1,5
2669,4,1,3,1,2,3,5
2447,4,0,5,0,1,1,5
902,1,2,1,1,4,1,5
1714,2,2,5,0,0,2,5
1019,1,3,0,2,3,2,5
1401,1,4,4,1,1,2,5
2099,3,0,3,2,0,5,5
2211,3,1,1,4,4,1,5
669,0,5,4,0,0,3,5
301,0,3,5,0,4,1,5
205,0,3,1,4,4,1,5
1756,2,3,0,3,3,1,5
2248,3,1,3,0,4,1,5
108,0,2,3,2,3,1,5
1851,2,3,1,4,3,1,5
1581,2,2,0,2,2,3,5
1547,2,0,4,0,3,2,5
842,1,1,4,1,1,4,5
38,0,2,1,3,3,2,5
2031,3,0,1,2,0,5,5
1519,2,0,2,3,5,0,5
530,0,5,1,3,0,2,5
780,1,1,2,1,0,5,5
2010,3,0,0,5,0,3,5
2476,4,1,0,3,1,1,5
1120,1,3,3,2,0,5,5
1507,2,0,2,3,0,3,5
1541,2,0,3,2,4,0,5
2189,3,1,1,2,4,1,5
429,0,4,4,1,1,3,5
1919,2,3,3,1,1,2,5
2061,3,0,2,0,2,3,5
2675,4,1,3,2,0,3,5
2229,3,1,2,3,0,2,5
285,0,3,4,1,5,0,5
478,0,5,0,3,3,0,5
2673,4,1,3,1,5,0,5
212,0,3,2,0,5,0,5
2654,4,1,3,0,2,2,5
839,1,1,4,1,0,5,5
579,0,5,2,1,1,2,5
238,0,3,2,3,5,0,5
2178,3,1,0,5,4,1,5
2374,4,0,2,1,0,5,5
1804,2,3,1,1,3,1,5
1574,2,0,5,0,2,2,5
471,0,5,0,3,1,2,5
2976,5,0,4,1,1,2,5
27,0,2,1,1,3,2,5
2415,4,0,3,2,0,5,5
2961,5,0,4,0,1,1,5
2025,3,0,1,1,0,5,5
793,1,1,2,3,0,5,5
716,1,1,0,2,0,5,5
988,1,2,4,1,1,1,5
293,0,3,5,0,2,0,5
934,1,2,2,2,0,5,5
2187,3,1,1,2,2,3,5
2221,3,1,2,1,2,3,5
900,1,2,1,1,2,3,5
2796,5,0,1,1,3,0,5
2616,4,1,2,2,1,1,5
135,0,2,5,0,0,4,5
2972,5,0,4,1,0,3,5
2149,3,1,0,2,3,2,5
2064,3,0,2,1,0,5,5
180,0,3,1,2,0,5,5
2227,3,1,2,2,4,1,5
707,0,5,5,0,2,0,5
1729,2,2,5,0,4,1,5
2547,4,1,1,2,3,1,5
1091,1,3,2,3,0,4,5
714,0,5,5,0,4,0,5
1643,2,2,1,4,4,1,5
19,0,2,0,5,3,1,5
891,1,2,0,5,2,2,5
1397,1,4,4,1,0,3,5
1971,2,3,4,1,3,1,5
2667,4,1,3,1,2,0,5
1536,2,0,3,2,1,2,5
663,0,5,3,2,3,0,5
531,0,5,1,3,0,3,5
175,0,3,1,1,1,4,5
2017,3,0,0,5,2,1,5
1575,2,0,5,0,2,3,5
2301,4,0,0,2,0,5,5
2627,4,1,2,2,5,0,5
2225,3,1,2,2,2,3,5
239,0,3,3,0,0,5,5
2671,4,1,3,1,3,2,5
2124,3,0,4,1,2,0,5
2871,5,0,2,1,2,0,5
665,0,5,3,2,4,0,5
2387,4,0,2,3,0,4,5
1976,2,3,5,0,0,3,5
854,1,1,5,0,1,2,5
2629,4,1,2,3,0,3,5
2146,3,1,0,2,0,5,5
1483,2,0,1,4,0,5,5
2372,4,0,2,0,3,2,5
2020,3,0,0,5,3,1,5
2326,4,0,0,5,2,0,5
559,0,5,1,4,4,0,5
1749,2,3,0,3,1,1,5
2625,4,1,2,2,3,2,5
2816,5,0,1,2,4,1,5
1473,2,0,1,2,5,0,5
2217,3,1,2,0,4,1,5
470,0,5,0,3,1,1,5
1841,2,3,1,4,0,3,5
676,0,5,4,0,2,1,5
820,1,1,3,2,0,5,5
2715,4,1,5,0,2,2,5
130,0,2,4,1,3,1,5
2147,3,1,0,2,1,4,5
1155,1,3,5,0,0,5,5
2579,4,1,1,4,3,1,5
1653,2,2,2,1,4,1,5
2568,4,1,1,4,0,3,5
929,1,2,2,1,0,5,5
127,0,2,4,1,2,2,5
2485,4,1,0,3,3,1,5
1554,2,0,4,1,1,2,4
1892,2,3,2,2,3,0,4
424,0,4,4,1,0,2,4
1009,1,2,5,0,2,2,4
1759,2,3,0,3,4,1,4
405,0,4,3,2,1,1,4
1215,1,4,0,4,5,0,4
999,1,2,4,1,5,0,4
2368,4,0,1,4,5,0,4
329,0,4,1,1,3,2,4
1379,1,4,3,2,5,0,4
2636,4,1,2,3,2,0,4
935,1,2,2,2,1,4,4
1889,2,3,2,2,1,2,4
1158,1,3,5,0,1,4,4
2639,4,1,2,3,3,0,4
1995,3,0,0,2,4,1,4
2120,3,0,4,1,1,1,4
1006,1,2,5,0,1,4,4
2483,4,1,0,3,2,3,4
24,0,2,1,1,0,5,4
727,1,1,0,3,5,0,4
2085,3,0,2,3,2,2,4
391,0,4,2,3,4,1,4
2798,5,0,1,1,3,2,4
1425,1,4,5,0,3,2,4
1972,2,3,4,1,3,2,4
829,1,1,3,2,5,0,4
11,0,2,0,5,1,2,4
2062,3,0,2,0,3,2,4
1413,1,4,5,0,0,3,4
2809,5,0,1,2,2,1,4
1639,2,2,1,4,3,0,4
2073,3,0,2,2,4,1,4
1703,2,2,4,1,1,2,4
1615,2,2,1,1,3,2,4
1521,2,0,3,0,1,4,4
841,1,1,4,1,1,3,4
2593,4,1,2,0,2,3,4
2630,4,1,2,3,0,4,4
732,1,1,0,4,4,1,4
1994,3,0,0,2,3,2,4
2450,4,0,5,0,1,4,4
1052,1,3,1,1,4,1,4
960,1,2,3,0,5,0,4
937,1,2,2,2,4,1,4
1993,3,0,0,2,2,3,4
758,1,1,1,3,4,1,4
2964,5,0,4,0,1,4,4
2840,5,0,1,4,2,0,4
756,1,1,1,3,2,3,4
1469,2,0,1,2,1,4,4
1490,2,0,1,4,3,0,4
1963,2,3,4,1,1,1,4
1093,1,3,2,3,1,1,4
1548,2,0,4,0,4,1,4
1802,2,3,1,1,2,2,4
2743,5,0,0,3,1,4,4
2393,4,0,2,3,2,0,4
876,1,2,0,3,5,0,4
2932,5,0,3,1,1,4,4
14,0,2,0,5,2,0,4
1511,2,0,2,3,1,2,4
1750,2,3,0,3,1,2,4
2641,4,1,2,3,3,2,4
2845,5,0,1,4,3,1,4
948,1,2,2,3,2,2,4
2357,4,0,1,4,1,1,4
2844,5,0,1,4,3,0,4
2693,4,1,4,0,1,1,4
1708,2,2,4,1,2,3,4
721,1,1,0,2,5,0,4
2868,5,0,2,1,1,2,4
2577,4,1,1,4,2,3,4
2802,5,0,1,2,0,3,4
2814,5,0,1,2,3,2,4
434,0,4,4,1,2,3,4
1240,1,4,1,1,3,0,4
1961,2,3,4,1,0,4,4
2685,4,1,3,2,2,3,4
1366,1,4,3,1,5,0,4
1140,1,3,4,1,1,1,4
2533,4,1,1,1,4,0,4
2633,4,1,2,3,1,2,4
2716,4,1,5,0,2,3,4
1517,2,0,2,3,4,0,4
977,1,2,3,2,5,0,4
1495,2,0,1,4,5,0,4
2127,3,0,4,1,2,3,4
869,1,2,0,2,4,1,4
206,0,3,1,4,5,0,4
1775,2,3,0,4,4,1,4
1103,1,3,2,3,4,1,4
1606,2,2,0,5,3,0,4
18,0,2,0,5,3,0,4
1968,2,3,4,1,2,1,4
2642,4,1,2,3,4,0,4
2074,3,0,2,2,5,0,4
808,1,1,3,0,2,3,4
1687,2,2,3,2,3,0,4
2346,4,0,1,2,5,0,4
2793,5,0,1,1,2,1,4
2589,4,1,2,0,1,3,4
2052,3,0,1,4,2,2,4
855,1,1,5,0,1,3,4
749,1,1,0,5,5,0,4
834,1,1,4,0,4,1,4
2079,3,0,2,3,1,1,4
77,0,2,2,3,1,2,4
1941,2,3,3,2,4,1,4
359,0,4,1,4,5,0,4
933,1,2,2,1,5,0,4
783,1,1,2,1,5,0,4
958,1,2,3,0,3,2,4
2435,4,0,4,1,2,0,4
2946,5,0,3,2,1,2,4
1912,2,3,3,0,4,1,4
2608,4,1,2,1,2,3,4
2071,3,0,2,2,2,3,4
2106,3,0,3,2,2,2,4
1706,2,2,4,1,2,0,4
2292,3,1,5,0,1,4,4
2870,5,0,2,1,1,4,4
789,1,1,2,2,5,0,4
1199,1,4,0,3,5,0,4
1414,1,4,5,0,0,4,4
779,1,1,2,0,5,0,4
121,0,2,4,1,1,1,4
851,1,1,5,0,0,3,4
946,1,2,2,3,2,0,4
1967,2,3,4,1,2,0,4
1472,2,0,1,2,4,1,4
1419,1,4,5,0,2,0,4
2655,4,1,3,0,2,3,4
2050,3,0,1,4,2,0,4
1436,2,0,0,3,2,3,4
835,1,1,4,0,5,0,4
1434,2,0,0,3,0,5,4
1558,2,0,4,1,2,2,4
2558,4,1,1,3,2,0,4
1888,2,3,2,2,1,1,4
107,0,2,3,2,3,0,4
993,1,2,4,1,2,2,4
2141,3,0,5,0,2,2,4
74,0,2,2,3,0,4,4
1524,2,0,3,0,4,1,4
1663,2,2,2,3,3,0,4
816,1,1,3,1,5,0,4
1424,1,4,5,0,3,1,4
936,1,2,2,2,2,3,4
2104,3,0,3,2,2,0,4
31,0,2,1,2,1,4,4
2116,3,0,4,1,0,2,4
2697,4,1,4,0,2,0,4
1970,2,3,4,1,3,0,4
446,0,4,5,0,1,4,4
2823,5,0,1,3,1,4,4
119,0,2,4,1,0,4,4
2839,5,0,1,4,1,3,4
915,1,2,1,4,2,2,4
474,0,5,0,3,2,0,4
984,1,2,4,1,0,2,4
868,1,2,0,2,2,3,4
2399,4,0,2,3,4,1,4
1755,2,3,0,3,3,0,4
2634,4,1,2,3,1,3,4
2867,5,0,2,1,1,1,4
2389,4,0,2,3,1,1,4
2212,3,1,1,4,5,0,4
1539,2,0,3,2,3,0,4
2815,5,0,1,2,4,0,4
2834,5,0,1,4,0,3,4
1504,2,0,2,2,4,1,4
1882,2,3,2,1,4,1,4
1709,2,2,4,1,3,0,4
2431,4,0,4,1,1,1,4
2948,5,0,3,2,1,4,4
90,0,2,3,0,1,4,4
761,1,1,1,4,0,3,4
1420,1,4,5,0,2,1,4
1384,1,4,4,0,1,1,4
2484,4,1,0,3,3,0,4
2637,4,1,2,3,2,1,4
2835,5,0,1,4,0,4,4
118,0,2,4,1,0,3,4
954,1,2,2,3,5,0,4
2555,4,1,1,3,1,1,4
1563,2,0,4,1,4,0,4
953,1,2,2,3,4,1,4
2075,3,0,2,3,0,2,4
2597,4,1,2,0,4,0,4
1289,1,4,2,0,5,0,4
1493,2,0,1,4,4,0,4
2096,3,0,3,2,0,2,4
1964,2,3,4,1,1,2,4
856,1,1,5,0,1,4,4
2847,5,0,1,4,4,0,4
994,1,2,4,1,2,3,4
2373,4,0,2,0,4,1,4
292,0,3,5,0,1,4,4
122,0,2,4,1,1,2,4
2759,5,0,0,4,1,4,4
1634,2,2,1,4,1,2,4
1072,1,3,1,4,5,0,4
2632,4,1,2,3,1,1,4
2841,5,0,1,4,2,1,4
792,1,1,2,3,0,4,4
1969,2,3,4,1,2,2,4
2058,3,0,1,4,5,0,4
2339,4,0,1,1,4,1,4
1243,1,4,1,1,4,0,4
819,1,1,3,2,0,4,4
1559,2,0,4,1,2,3,4
2477,4,1,0,3,1,2,4
753,1,1,1,2,4,1,4
2034,3,0,1,2,3,2,4
377,0,4,2,3,0,2,4
2360,4,0,1,4,2,0,4
1752,2,3,0,3,2,0,4
2945,5,0,3,2,1,1,4
2856,5,0,2,0,1,4,4
129,0,2,4,1,3,0,4
2072,3,0,2,2,3,2,4
849,1,1,4,1,5,0,4
2336,4,0,1,1,1,4,4
2545,4,1,1,2,2,3,4
1426,1,4,5,0,4,0,4
1990,2,3,5,0,4,1,4
838,1,1,4,1,0,4,4
1302,1,4,2,1,5,0,4
1395,1,4,4,0,5,0,4
751,1,1,1,2,2,3,4
94,0,2,3,0,5,0,4
2340,4,0,1,1,5,0,4
810,1,1,3,0,4,1,4
1418,1,4,5,0,1,3,4
1807,2,3,1,1,4,1,4
2812,5,0,1,2,3,0,4
1854,2,3,1,4,4,1,4
2499,4,1,0,4,2,3,4
731,1,1,0,4,3,2,4
939,1,2,2,3,0,2,4
73,0,2,2,3,0,3,4
1600,2,2,0,5,1,2,4
2530,4,1,1,1,2,3,4
2916,5,0,3,0,1,2,4
2126,3,0,4,1,2,2,4
807,1,1,3,0,1,4,4
805,1,1,2,3,5,0,4
2526,4,1,1,1,1,3,4
1823,2,3,1,2,4,1,4
76,0,2,2,3,1,1,4
2846,5,0,1,4,3,2,4
1572,2,0,5,0,1,4,4
2089,3,0,2,3,4,1,4
730,1,1,0,4,2,3,4
2028,3,0,1,1,3,2,4
83,0,2,2,3,3,0,4
925,1,2,2,0,2,3,4
795,1,1,2,3,1,3,4
1660,2,2,2,3,1,2,4
1725,2,2,5,0,3,0,4
1868,2,3,2,0,4,1,4
1273,1,4,1,3,5,0,4
93,0,2,3,0,4,1,3
2449,4,0,5,0,1,3,3
1818,2,3,1,2,2,2,3
930,1,2,2,1,2,3,3
724,1,1,0,3,2,3,3
2107,3,0,3,2,2,3,3
1814,2,3,1,2,1,3,3
2549,4,1,1,2,4,0,3
1470,2,0,1,2,2,3,3
1675,2,2,3,1,0,5,3
0,0,2,0,3,1,4,3
2550,4,1,1,2,5,0,3
803,1,1,2,3,4,0,3
2228,3,1,2,2,5,0,3
1010,1,2,5,0,2,3,3
2958,5,0,4,0,0,3,3
311,0,4,0,3,5,0,3
771,1,1,1,4,4,0,3
1805,2,3,1,1,3,2,3
2080,3,0,2,3,1,2,3
1099,1,3,2,3,3,0,3
2405,4,0,3,0,4,1,3
381,0,4,2,3,1,2,3
932,1,2,2,1,4,1,3
1381,1,4,4,0,0,3,3
2500,4,1,0,4,3,0,3
748,1,1,0,5,4,1,3
1771,2,3,0,4,3,0,3
2591,4,1,2,0,2,1,3
254,0,3,3,2,1,4,3
726,1,1,0,3,4,1,3
2308,4,0,0,3,1,4,3
204,0,3,1,4,4,0,3
2226,3,1,2,2,3,2,3
1150,1,3,4,1,4,0,3
2090,3,0,2,3,5,0,3
997,1,2,4,1,3,2,3
1817,2,3,1,2,2,1,3
2571,4,1,1,4,1,1,3
2142,3,0,5,0,2,3,3
1134,1,3,4,0,4,1,3
1153,1,3,5,0,0,3,3
2350,4,0,1,3,3,2,3
2432,4,0,4,1,1,2,3
2343,4,0,1,2,2,3,3
213,0,3,2,1,1,4,3
2351,4,0,1,3,4,1,3
1589,2,2,0,3,5,0,3
2749,5,0,0,3,3,1,3
2396,4,0,2,3,3,0,3
2087,3,0,2,3,3,2,3
1901,2,3,3,0,0,5,3
1878,2,3,2,1,3,0,3
1480,2,0,1,4,0,2,3
2603,4,1,2,1,1,2,3
1186,1,4,0,3,0,5,3
300,0,3,5,0,4,0,3
648,0,5,3,1,2,2,3
2153,3,1,0,3,1,4,3
1998,3,0,0,3,1,4,3
1677,2,2,3,1,2,3,3
951,1,2,2,3,3,2,3
1796,2,3,1,1,0,5,3
1435,2,0,0,3,1,4,3
2130,3,0,4,1,4,0,3
1904,2,3,3,0,1,3,3
2644,4,1,3,0,0,2,3
137,0,2,5,0,1,1,3
1938,2,3,3,2,3,0,3
1196,1,4,0,3,3,2,3
2279,3,1,4,1,2,2,3
2324,4,0,0,5,1,3,3
395,0,4,3,0,2,3,3
833,1,1,4,0,3,2,3
141,0,2,5,0,2,0,3
1821,2,3,1,2,3,2,3
1438,2,0,0,3,4,1,3
2658,4,1,3,0,4,0,3
1015,1,2,5,0,4,1,3
1060,1,3,1,4,0,3,3
995,1,2,4,1,3,0,3
2535,4,1,1,2,0,2,3
2295,3,1,5,0,2,2,3
2033,3,0,1,2,2,3,3
881,1,2,0,4,4,1,3
2538,4,1,1,2,0,5,3
818,1,1,3,2,0,3,3
990,1,2,4,1,1,4,3
1386,1,4,4,0,1,3,3
1903,2,3,3,0,1,2,3
2088,3,0,2,3,4,0,3
848,1,1,4,1,4,0,3
1217,1,4,0,5,0,3,3
2653,4,1,3,0,2,1,3
1195,1,4,0,3,3,1,3
2578,4,1,1,4,3,0,3
44,0,2,1,4,1,1,3
1900,2,3,3,0,0,4,3
1801,2,3,1,1,2,1,3
2745,5,0,0,3,2,1,3
2118,3,0,4,1,0,4,3
1133,1,3,4,0,3,2,3
824,1,1,3,2,2,3,3
397,0,4,3,0,4,1,3
33,0,2,1,2,4,1,3
1999,3,0,0,3,2,3,3
2053,3,0,1,4,2,3,3
2444,4,0,5,0,0,3,3
947,1,2,2,3,2,1,3
815,1,1,3,1,3,2,3
1057,1,3,1,2,4,1,3
1565,2,0,5,0,0,2,3
701,0,5,5,0,0,3,3
1439,2,0,0,3,5,0,3
1494,2,0,1,4,4,1,3
2157,3,1,0,3,5,0,3
2121,3,0,4,1,1,2,3
2312,4,0,0,3,5,0,3
1765,2,3,0,4,1,2,3
2416,4,0,3,2,1,1,3
998,1,2,4,1,4,0,3
1640,2,2,1,4,3,1,3
1845,2,3,1,4,1,2,3
2403,4,0,3,0,2,3,3
2831,5,0,1,3,4,0,3
1726,2,2,5,0,3,1,3
720,1,1,0,2,4,1,3
2537,4,1,1,2,0,4,3
2391,4,0,2,3,1,3,3
2082,3,0,2,3,1,4,3
187,0,3,1,3,1,4,3
1368,1,4,3,2,0,3,3
1528,2,0,3,1,3,2,3
1678,2,2,3,1,3,2,3
944,1,2,2,3,1,3,3
1688,2,2,3,2,3,1,3
2532,4,1,1,1,3,2,3
91,0,2,3,0,2,3,3
2744,5,0,0,3,2,0,3
1184,1,4,0,3,0,2,3
2359,4,0,1,4,1,3,3
949,1,2,2,3,3,0,3
827,1,1,3,2,4,0,3
2322,4,0,0,5,1,1,3
2738,5,0,0,3,0,4,3
1980,2,3,5,0,1,2,3
2565,4,1,1,3,4,0,3
2086,3,0,2,3,3,1,3
976,1,2,3,2,4,1,3
192,0,3,1,4,0,4,3
1291,1,4,2,1,0,3,3
767,1,1,1,4,2,3,3
2224,3,1,2,2,1,4,3
435,0,4,4,1,3,0,3
2390,4,0,2,3,1,2,3
2005,3,0,0,4,2,3,3
2746,5,0,0,3,2,2,3
1197,1,4,0,3,4,0,3
1191,1,4,0,3,2,1,3
1499,2,0,2,1,4,1,3
772,1,1,1,4,4,1,3
473,0,5,0,3,1,4,3
1710,2,2,4,1,3,1,3
2338,4,0,1,1,3,2,3
967,1,2,3,2,0,3,3
1898,2,3,3,0,0,2,3
242,0,3,3,0,3,2,3
1874,2,3,2,1,1,1,3
2737,5,0,0,3,0,2,3
288,0,3,5,0,0,5,3
2354,4,0,1,4,0,3,3
2546,4,1,1,2,3,0,3
2035,3,0,1,2,4,1,3
2942,5,0,3,2,0,3,3
781,1,1,2,1,2,3,3
177,0,3,1,1,3,2,3
1934,2,3,3,2,1,1,3
1189,1,4,0,3,1,3,3
1131,1,3,4,0,1,4,3
1023,1,3,0,3,1,4,3
989,1,2,4,1,1,3,3
2750,5,0,0,3,3,2,3
786,1,1,2,2,2,3,3
788,1,1,2,2,4,1,3
2606,4,1,2,1,2,0,3
345,0,4,1,4,0,3,3
1185,1,4,0,3,0,4,3
2029,3,0,1,1,4,1,3
1607,2,2,0,5,3,1,3
1127,1,3,3,2,4,0,3
259,0,3,3,2,3,0,3
80,0,2,2,3,2,0,3
2590,4,1,2,0,1,4,3
1529,2,0,3,1,4,1,3
945,1,2,2,3,1,4,3
831,1,1,4,0,1,4,3
828,1,1,3,2,4,1,3
1109,1,3,3,0,4,1,3
2109,3,0,3,2,4,1,3
2686,4,1,3,2,3,0,3
2479,4,1,0,3,1,4,3
2682,4,1,3,2,2,0,3
1664,2,2,2,3,3,1,3
2281,3,1,4,1,3,0,3
198,0,3,1,4,2,1,3
2524,4,1,1,1,0,5,3
1542,2,0,3,2,4,1,3
336,0,4,1,2,4,1,3
1026,1,3,0,3,5,0,3
2742,5,0,0,3,1,3,3
875,1,2,0,3,4,1,3
1850,2,3,1,4,3,0,3
32,0,2,1,2,2,3,3
1822,2,3,1,2,4,0,3
2651,4,1,3,0,1,4,3
547,0,5,1,4,0,3,3
2122,3,0,4,1,1,3,3
1046,1,3,0,5,4,0,3
1514,2,0,2,3,3,0,3
2173,3,1,0,5,2,2,3
2125,3,0,4,1,2,1,3
1671,2,2,3,0,2,3,3
2206,3,1,1,4,2,2,3
2027,3,0,1,1,2,3,3
2084,3,0,2,3,2,1,3
41,0,2,1,4,0,3,3
2488,4,1,0,3,5,0,3
2864,5,0,2,1,0,3,3
286,0,3,5,0,0,2,3
941,1,2,2,3,0,4,3
299,0,3,5,0,3,2,3
2418,4,0,3,2,1,3,3
1460,2,0,0,5,4,1,3
2695,4,1,4,0,1,3,3
2223,3,1,2,2,0,5,3
2260,3,1,3,2,2,2,3
193,0,3,1,4,0,5,3
1809,2,3,1,2,0,2,3
2586,4,1,2,0,0,5,3
1261,1,4,1,3,0,3,3
2710,4,1,5,0,1,2,3
2067,3,0,2,1,4,1,3
2081,3,0,2,3,1,3,3
2097,3,0,3,2,0,3,3
2548,4,1,1,2,3,2,3
2646,4,1,3,0,0,4,3
191,0,3,1,4,0,2,3
2493,4,1,0,4,1,2,3
294,0,3,5,0,2,1,3
864,1,1,5,0,4,0,3
251,0,3,3,2,1,1,3
291,0,3,5,0,1,3,3
2527,4,1,1,1,1,4,3
2128,3,0,4,1,3,1,3
1518,2,0,2,3,4,1,3
804,1,1,2,3,4,1,3
1816,2,3,1,2,2,0,3
2131,3,0,4,1,5,0,3
1811,2,3,1,2,0,4,3
723,1,1,0,3,1,4,3
2534,4,1,1,1,5,0,3
916,1,2,1,4,2,3,3
2574,4,1,1,4,2,0,3
2713,4,1,5,0,2,0,3
2751,5,0,0,3,4,0,3
1549,2,0,4,1,0,2,3
2963,5,0,4,0,1,3,3
2609,4,1,2,1,3,0,3
1578,2,0,5,0,4,1,3
2659,4,1,3,0,5,0,3
2572,4,1,1,4,1,2,3
2709,4,1,5,0,1,1,3
1935,2,3,3,2,1,2,3
2129,3,0,4,1,3,2,3
173,0,3,0,5,5,0,3
163,0,3,0,5,1,4,3
1201,1,4,0,4,0,3,3
837,1,1,4,1,0,3,3
959,1,2,3,0,4,1,3
287,0,3,5,0,0,4,3
2352,4,0,1,3,5,0,3
743,1,1,0,5,2,3,3
860,1,1,5,0,2,3,3
865,1,1,5,0,4,1,3
334,0,4,1,2,2,3,3
735,1,1,0,5,0,3,3
2752,5,0,0,3,4,1,3
2066,3,0,2,1,2,3,3
1271,1,4,1,3,4,0,3
2647,4,1,3,0,0,5,3
778,1,1,2,0,4,1,3
159,0,3,0,4,5,0,3
1908,2,3,3,0,2,2,3
2002,3,0,0,3,5,0,3
1466,2,0,1,1,4,1,3
1522,2,0,3,0,2,3,3
1070,1,3,1,4,4,0,3
1055,1,3,1,2,2,3,3
921,1,2,1,4,4,1,3
776,1,1,2,0,2,3,3
203,0,3,1,4,3,2,3
2240,3,1,2,3,3,0,3
1141,1,3,4,1,1,2,3
1620,2,2,1,2,2,3,3
1906,2,3,3,0,2,0,3
2679,4,1,3,2,1,2,3
1819,2,3,1,2,3,0,3
787,1,1,2,2,3,2,3
814,1,1,3,1,2,3,3
134,0,2,5,0,0,3,3
602,0,5,2,2,3,1,3
952,1,2,2,3,4,0,3
2348,4,0,1,3,1,4,3
794,1,1,2,3,1,2,3
2649,4,1,3,0,1,2,3
263,0,3,3,2,5,0,3
183,0,3,1,2,3,2,3
1166,1,3,5,0,4,0,3
1910,2,3,3,0,3,2,3
747,1,1,0,5,4,0,3
428,0,4,4,1,1,2,3
190,0,3,1,3,5,0,3
873,1,2,0,3,2,3,3
2057,3,0,1,4,4,1,3
4,0,2,0,3,5,0,3
2818,5,0,1,3,0,3,3
2543,4,1,1,2,2,1,3
2439,4,0,4,1,3,0,3
986,1,2,4,1,0,4,3
840,1,1,4,1,1,2,3
1102,1,3,2,3,4,0,3
387,0,4,2,3,3,0,3
1907,2,3,3,0,2,1,3
1812,2,3,1,2,0,5,3
1192,1,4,0,3,2,2,3
1190,1,4,0,3,2,0,3
2770,5,0,0,5,0,3,3
2650,4,1,3,0,1,3,3
845,1,1,4,1,2,3,3
2678,4,1,3,2,1,1,3
2145,3,0,5,0,4,1,3
2717,4,1,5,0,3,0,3
2345,4,0,1,2,4,1,3
47,0,2,1,4,2,0,3
1986,2,3,5,0,3,0,3
2739,5,0,0,3,0,5,3
2541,4,1,1,2,1,4,3
2657,4,1,3,0,3,2,3
269,0,3,4,0,5,0,3
718,1,1,0,2,2,3,3
2540,4,1,1,2,1,3,3
1094,1,3,2,3,1,2,3
2598,4,1,2,0,5,0,3
252,0,3,3,2,1,2,3
155,0,3,0,4,1,4,3
2077,3,0,2,3,0,4,3
2480,4,1,0,3,2,0,3
879,1,2,0,4,2,3,3
972,1,2,3,2,2,3,3
1585,2,2,0,3,1,4,3
217,0,3,2,1,5,0,3
483,0,5,0,3,5,0,3
441,0,4,5,0,0,3,3
1198,1,4,0,3,4,1,3
2754,5,0,0,4,0,3,3
2239,3,1,2,3,2,2,3
992,1,2,4,1,2,1,3
1844,2,3,1,4,1,1,3
2007,3,0,0,4,4,1,3
1560,2,0,4,1,3,0,3
265,0,3,4,0,1,4,3
791,1,1,2,3,0,3,3
1911,2,3,3,0,4,0,3
872,1,2,0,3,1,4,3
307,0,4,0,3,1,4,3
1875,2,3,2,1,1,2,3
2083,3,0,2,3,2,0,3
196,0,3,1,4,1,3,3
2596,4,1,2,0,3,2,3
1107,1,3,3,0,2,3,3
1506,2,0,2,3,0,2,3
1979,2,3,5,0,1,1,3
1147,1,3,4,1,3,0,3
957,1,2,3,0,2,3,3
2433,4,0,4,1,1,3,3
1135,1,3,4,0,5,0,3
2001,3,0,0,3,4,1,3
777,1,1,2,0,3,2,2
113,0,2,4,0,1,4,2
1498,2,0,2,1,3,2,2
453,0,4,5,0,3,2,2
304,0,4,0,2,3,2,2
2892,5,0,2,2,3,2,2
2303,4,0,0,2,2,3,2
2040,3,0,1,3,3,2,2
2258,3,1,3,2,2,0,2
1608,2,2,0,5,3,2,2
745,1,1,0,5,3,1,2
861,1,1,5,0,3,0,2
850,1,1,5,0,0,2,2
1757,2,3,0,3,3,2,2
1515,2,0,2,3,3,1,2
53,0,2,1,4,3,2,2
2817,5,0,1,3,0,2,2
1613,2,2,1,1,1,4,2
1051,1,3,1,1,3,2,2
39,0,2,1,3,4,1,2
368,0,4,2,1,3,2,2
1045,1,3,0,5,3,2,2
1380,1,4,4,0,0,2,2
1260,1,4,1,3,0,2,2
1457,2,0,0,5,3,1,2
2310,4,0,0,3,3,2,2
117,0,2,4,0,5,0,2
1393,1,4,4,0,3,2,2
2026,3,0,1,1,1,4,2
931,1,2,2,1,3,2,2
2938,5,0,3,1,3,2,2
1516,2,0,2,3,3,2,2
734,1,1,0,5,0,2,2
2703,4,1,4,0,3,2,2
973,1,2,3,2,3,0,2
2214,3,1,2,0,1,4,2
1593,2,2,0,4,3,2,2
1617,2,2,1,1,5,0,2
2213,3,1,2,0,0,5,2
112,0,2,4,0,0,5,2
1825,2,3,1,3,0,2,2
1773,2,3,0,4,3,2,2
2344,4,0,1,2,3,2,2
1165,1,3,5,0,3,2,2
757,1,1,1,3,3,2,2
1011,1,2,5,0,3,0,2
2030,3,0,1,1,5,0,2
12,0,2,0,5,1,3,2
742,1,1,0,5,2,2,2
157,0,3,0,4,3,2,2
725,1,1,0,3,3,2,2
356,0,4,1,4,3,2,2
1743,2,3,0,2,4,0,2
603,0,5,2,2,3,2,2
2305,4,0,0,2,4,1,2
744,1,1,0,5,3,0,2
131,0,2,4,1,3,2,2
2254,3,1,3,2,1,1,2
1633,2,2,1,4,1,1,2
1059,1,3,1,4,0,2,2
114,0,2,4,0,2,3,2
1612,2,2,1,1,0,5,2
1017,1,3,0,2,1,4,2
1943,2,3,4,0,0,2,2
1562,2,0,4,1,3,2,2
2861,5,0,2,0,3,2,2
2144,3,0,5,0,3,2,2
1152,1,3,5,0,0,2,2
2610,4,1,2,1,3,2,2
1180,1,4,0,2,3,2,2
981,1,2,4,0,3,2,2
1894,2,3,2,2,3,2,2
2233,3,1,2,3,1,1,2
396,0,4,3,0,3,2,2
116,0,2,4,0,4,1,2
102,0,2,3,2,1,3,2
2398,4,0,2,3,3,2,2
1101,1,3,2,3,3,2,2
2237,3,1,2,3,2,0,2
770,1,1,1,4,3,2,2
1270,1,4,1,3,3,2,2
2184,3,1,1,1,5,0,2
1021,1,3,0,2,5,0,2
2282,3,1,4,1,3,2,2
1735,2,3,0,2,1,3,2
1587,2,2,0,3,3,2,2
1530,2,0,3,1,5,0,2
402,0,4,3,1,3,2,2
2289,3,1,5,0,1,1,2
1599,2,2,0,5,1,1,2
1013,1,2,5,0,3,2,2
1836,2,3,1,3,3,2,2
78,0,2,2,3,1,3,2
558,0,5,1,4,3,2,2
215,0,3,2,1,3,2,2
1702,2,2,4,1,1,1,2
2101,3,0,3,2,1,2,2
874,1,2,0,3,3,2,2
2404,4,0,3,0,3,2,2
267,0,3,4,0,3,2,2
917,1,2,1,4,3,0,2
2502,4,1,0,4,3,2,2
1492,2,0,1,4,3,2,2
2114,3,0,4,0,3,2,2
836,1,1,4,1,0,2,2
363,0,4,2,0,3,2,2
1718,2,2,5,0,1,1,2
480,0,5,0,3,3,2,2
2689,4,1,4,0,0,2,2
1363,1,4,3,1,3,2,2
7,0,2,0,4,3,2,2
1443,2,0,0,4,3,2,2
901,1,2,1,1,3,2,2
1136,1,3,4,1,0,2,2
46,0,2,1,4,1,3,2
800,1,1,2,3,3,0,2
2830,5,0,1,3,3,2,2
768,1,1,1,4,3,0,2
2006,3,0,0,4,3,2,2
1018,1,3,0,2,2,3,2
389,0,4,2,3,3,2,2
152,0,3,0,2,3,2,2
587,0,5,2,1,3,2,2
713,0,5,5,0,3,2,2
1576,2,0,5,0,3,1,2
2486,4,1,0,3,3,2,2
802,1,1,2,3,3,2,2
2278,3,1,4,1,2,0,2
1081,1,3,2,1,3,2,2
1641,2,2,1,4,3,2,2
1561,2,0,4,1,3,1,2
1030,1,3,0,4,3,2,2
826,1,1,3,2,3,1,2
2412,4,0,3,2,0,2,2
2155,3,1,0,3,3,2,2
139,0,2,5,0,1,3,2
919,1,2,1,4,3,2,2
717,1,1,0,2,1,4,2
2316,4,0,0,4,3,2,2
646,0,5,3,1,2,0,2
132,0,2,4,1,4,0,2
437,0,4,4,1,3,2,2
2332,4,0,0,5,3,2,2
2564,4,1,1,3,3,2,2
20,0,2,0,5,3,2,2
2957,5,0,4,0,0,2,2
1315,1,4,2,2,3,2,2
2176,3,1,0,5,3,2,2
85,0,2,2,3,3,2,2
1242,1,4,1,1,3,2,2
801,1,1,2,3,3,1,2
790,1,1,2,3,0,2,2
1684,2,2,3,2,1,1,2
1614,2,2,1,1,2,3,2
1711,2,2,4,1,3,2,2
746,1,1,0,5,3,2,2
880,1,2,0,4,3,2,2
906,1,2,1,3,3,2,2
799,1,1,2,3,2,2,2
1503,2,0,2,2,3,2,2
2188,3,1,1,2,3,2,2
1437,2,0,0,3,3,2,2
86,0,2,2,3,4,0,2
37,0,2,1,3,2,3,2
817,1,1,3,2,0,2,2
1540,2,0,3,2,3,1,2
2137,3,0,5,0,1,2,2
2100,3,0,3,2,1,1,2
10,0,2,0,5,1,1,2
2876,5,0,2,1,3,2,2
1117,1,3,3,2,0,2,2
21,0,2,0,5,4,0,2
1727,2,2,5,0,3,2,2
1647,2,2,2,0,3,2,2
2551,4,1,1,3,0,2,2
2319,4,0,0,5,0,2,2
844,1,1,4,1,2,2,2
1491,2,0,1,4,3,1,2
1458,2,0,0,5,3,2,2
2000,3,0,0,3,3,2,2
782,1,1,2,1,3,2,2
109,0,2,3,2,4,0,2
1526,2,0,3,1,1,4,2
2353,4,0,1,4,0,2,2
2580,4,1,1,4,3,2,2
825,1,1,3,2,3,0,2
863,1,1,5,0,3,2,2
2298,3,1,5,0,3,2,2
574,0,5,2,0,3,2,2
2048,3,0,1,4,1,2,2
2055,3,0,1,4,3,2,2
769,1,1,1,4,3,1,2
1956,2,3,4,0,3,2,2
1471,2,0,1,2,3,2,2
1742,2,3,0,2,3,2,2
2047,3,0,1,4,1,1,2
101,0,2,3,2,1,1,2
335,0,4,1,2,3,2,2
2,0,2,0,3,3,2,2
1866,2,3,2,0,3,2,2
147,0,2,5,0,3,2,2
1181,1,4,0,2,4,0,2
1020,1,3,0,2,4,1,2
65,0,2,2,1,3,2,2
2036,3,0,1,2,5,0,2
1465,2,0,1,1,3,2,2
1256,1,4,1,2,3,2,2
785,1,1,2,2,1,4,2
341,0,4,1,3,3,2,2
2443,4,0,5,0,0,2,2
859,1,1,5,0,2,2,2
494,0,5,0,4,3,2,2
2734,5,0,0,2,3,2,2
2385,4,0,2,3,0,2,2
2969,5,0,4,0,3,2,2
1024,1,3,0,3,3,2,2
1523,2,0,3,0,3,2,2
2719,4,1,5,0,3,2,2
1212,1,4,0,4,3,2,2
1090,1,3,2,3,0,2,2
2218,3,1,2,0,5,0,2
573,0,5,2,0,3,1,2
1056,1,3,1,2,3,2,2
813,1,1,3,1,1,4,2
322,0,4,0,5,3,2,2
92,0,2,3,0,3,2,2
1525,2,0,3,1,0,5,2
309,0,4,0,3,3,2,2
2167,3,1,0,5,1,1,2
1852,2,3,1,4,3,2,2
421,0,4,4,0,3,2,2
35,0,2,1,3,0,5,2
188,0,3,1,3,3,2,2
1672,2,2,3,0,3,2,2
2455,4,0,5,0,3,2,2
809,1,1,3,0,3,2,2
2462,4,1,0,2,1,3,2
2427,4,0,4,1,0,2,2
248,0,3,3,1,3,2,2
1299,1,4,2,1,3,2,2
2171,3,1,0,5,2,0,2
1988,2,3,5,0,3,2,2
2470,4,1,0,2,3,2,2
760,1,1,1,4,0,2,2
2366,4,0,1,4,3,2,2
1286,1,4,2,0,3,2,2
846,1,1,4,1,3,0,2
36,0,2,1,3,1,4,2
2441,4,0,4,1,3,2,2
2377,4,0,2,1,3,2,2
2161,3,1,0,4,3,2,2
862,1,1,5,0,3,1,2
766,1,1,1,4,2,2,2
466,0,5,0,2,3,2,2
823,1,1,3,2,2,2,2
2766,5,0,0,4,3,2,2
170,0,3,0,5,3,2,2
2735,5,0,0,2,4,0,2
1069,1,3,1,4,3,2,2
2180,3,1,1,1,0,5,2
1880,2,3,2,1,3,2,2
374,0,4,2,2,3,2,2
1652,2,2,2,1,3,2,2
221,0,3,2,2,3,2,2
651,0,5,3,1,3,2,2
40,0,2,1,3,5,0,2
2181,3,1,1,1,1,4,2
148,0,2,5,0,4,0,2
1527,2,0,3,1,2,3,2
2471,4,1,0,2,4,0,2
956,1,2,3,0,1,4,2
2209,3,1,1,4,3,2,2
1173,1,4,0,2,1,3,2
847,1,1,4,1,3,2,2
2241,3,1,2,3,3,2,2
2136,3,0,5,0,1,1,2
1577,2,0,5,0,3,2,2
1033,1,3,0,5,0,2,2
1149,1,3,4,1,3,2,2
1108,1,3,3,0,3,2,2
2302,4,0,0,2,1,4,2
1665,2,2,2,3,3,2,2
2726,5,0,0,2,1,3,2
1659,2,2,2,3,1,1,2
123,0,2,4,1,1,3,2
2293,3,1,5,0,2,0,2
2204,3,1,1,4,2,0,2
2306,4,0,0,2,5,0,2
2201,3,1,1,4,1,1,2
54,0,2,1,4,4,0,2
752,1,1,1,2,3,2,2
1160,1,3,5,0,2,1,1
822,1,1,3,2,2,1,1
1122,1,3,3,2,2,1,1
1569,2,0,5,0,1,1,1
461,0,5,0,2,2,1,1
2934,5,0,3,1,2,1,1
2465,4,1,0,2,2,1,1
1453,2,0,0,5,2,1,1
1535,2,0,3,2,1,1,1
1753,2,3,0,3,2,1,1
2105,3,0,3,2,2,1,1
2714,4,1,5,0,2,1,1
2327,4,0,0,5,2,1,1
1723,2,2,5,0,2,1,1
565,0,5,2,0,1,1,1
1207,1,4,0,4,2,1,1
1462,2,0,1,1,0,5,1
2857,5,0,2,0,2,1,1
2421,4,0,3,2,2,1,1
569,0,5,2,0,2,1,1
843,1,1,4,1,2,0,1
1175,1,4,0,2,2,1,1
1097,1,3,2,3,2,1,1
2825,5,0,1,3,2,1,1
647,0,5,3,1,2,1,1
914,1,2,1,4,2,1,1
1467,2,0,1,1,5,0,1
256,0,3,3,2,2,1,1
1359,1,4,3,1,2,1,1
740,1,1,0,5,2,0,1
1557,2,0,4,1,2,1,1
2361,4,0,1,4,2,1,1
2777,5,0,0,5,2,1,1
1449,2,0,0,5,1,1,1
857,1,1,5,0,2,0,1
2729,5,0,0,2,2,1,1
1769,2,3,0,4,2,1,1
2259,3,1,3,2,2,1,1
1388,1,4,4,0,2,1,1
1281,1,4,2,0,2,1,1
1064,1,3,1,4,2,1,1
1984,2,3,5,0,2,1,1
821,1,1,3,2,2,0,1
2140,3,0,5,0,2,1,1
165,0,3,0,5,2,1,1
2575,4,1,1,4,2,1,1
1463,2,0,1,1,1,4,1
1637,2,2,1,4,2,1,1
775,1,1,2,0,1,4,1
2172,3,1,0,5,2,1,1
142,0,2,5,0,2,1,1
504,0,5,1,1,2,0,1
798,1,1,2,3,2,1,1
317,0,4,0,5,2,1,1
1484,2,0,1,4,1,1,1
1785,2,3,0,5,2,1,1
1144,1,3,4,1,2,1,1
2698,4,1,4,0,2,1,1
553,0,5,1,4,2,1,1
797,1,1,2,3,2,0,1
351,0,4,1,4,2,1,1
448,0,4,5,0,2,1,1
2950,5,0,3,2,2,1,1
1510,2,0,2,3,1,1,1
2497,4,1,0,4,2,1,1
1040,1,3,0,5,2,1,1
1573,2,0,5,0,2,1,1
708,0,5,5,0,2,1,1
1008,1,2,5,0,2,1,1
1237,1,4,1,1,2,1,1
2394,4,0,2,3,2,1,1
1832,2,3,1,3,2,1,1
1952,2,3,4,0,2,1,1
764,1,1,1,4,2,0,1
475,0,5,0,3,2,1,1
48,0,2,1,4,2,1,1
2683,4,1,3,2,2,1,1
2051,3,0,1,4,2,1,1
741,1,1,0,5,2,1,1
1487,2,0,1,4,2,1,1
1372,1,4,3,2,2,1,1
505,0,5,1,1,2,1,1
489,0,5,0,4,2,1,1
599,0,5,2,2,2,1,1
2513,4,1,0,5,2,1,1
615,0,5,2,3,2,1,1
1848,2,3,1,4,2,1,1
2205,3,1,1,4,2,1,1
1311,1,4,2,2,2,1,1
2965,5,0,4,0,2,1,1
858,1,1,5,0,2,1,1
971,1,2,3,2,2,1,1
2481,4,1,0,3,2,1,1
2436,4,0,4,1,2,1,1
2761,5,0,0,4,2,1,1
81,0,2,2,3,2,1,1
1738,2,3,0,2,2,1,1
660,0,5,3,2,2,1,1
1464,2,0,1,1,2,3,1
1251,1,4,1,2,2,1,1
15,0,2,0,5,2,1,1
2294,3,1,5,0,2,1,1
692,0,5,4,1,2,1,1
2238,3,1,2,3,2,1,1
126,0,2,4,1,2,1,1
774,1,1,2,0,0,5,1
1553,2,0,4,1,1,1,1
1265,1,4,1,3,2,1,1
410,0,4,3,2,2,1,1
2559,4,1,1,3,2,1,1
1223,1,4,0,5,2,1,1
1604,2,2,0,5,2,1,1
765,1,1,1,4,2,1,1
385,0,4,2,3,2,1,1
2888,5,0,2,2,2,1,1
2451,4,0,5,0,2,1,1
1707,2,2,4,1,2,1,1
105,0,2,3,2,2,1,1
432,0,4,4,1,2,1,1
