1,1,4,154
2,2,4,113
3,3,4,171
4,4,4,93
5,5,4,442
6,6,4,308
7,7,4,453
8,8,4,258
9,9,4,424
10,10,4,304
11,11,4,278
12,12,4,405
13,13,4,394
14,14,4,202
15,15,4,510
16,16,4,454
17,17,4,64
18,18,4,327
19,19,4,311
20,20,4,503
21,21,4,53
22,22,4,381
23,23,4,143
24,24,4,99
25,25,4,290
26,26,4,386
27,27,4,461
28,28,4,96
29,29,4,24
30,30,4,409
31,31,4,391
32,32,4,403
33,33,4,39
34,34,4,368
35,35,4,379
36,36,4,28
37,37,4,11
38,38,4,208
39,39,4,331
40,40,4,106
41,41,4,495
42,42,4,117
43,43,4,362
44,44,4,204
45,45,4,250
46,46,4,226
47,47,4,249
48,48,4,237
49,49,4,384
50,50,4,382
51,51,4,232
52,52,4,439
53,53,4,398
54,54,4,450
55,55,4,306
56,56,4,241
57,57,4,469
58,58,4,357
59,59,4,213
60,60,4,451
61,61,4,319
62,62,4,112
63,63,4,406
64,64,4,216
65,65,4,296
66,66,4,467
67,67,4,300
68,68,4,34
69,69,4,253
70,70,4,61
71,71,4,153
72,72,4,458
73,73,4,115
74,74,4,12
75,75,4,427
76,76,4,228
77,77,4,157
78,78,4,42
79,79,4,26
80,80,4,14
81,81,4,356
82,82,4,401
83,83,4,272
84,84,4,367
85,85,4,6
86,86,4,186
87,87,4,332
88,88,4,137
89,89,4,58
90,90,4,323
91,91,4,513
92,92,4,395
93,93,4,45
94,94,4,131
95,95,4,270
96,96,4,207
97,97,4,284
98,98,4,141
99,99,4,274
100,100,4,271
101,101,4,499
102,102,4,114
103,103,4,434
104,104,4,313
105,105,4,498
106,106,4,100
107,107,4,145
108,108,4,75
109,109,4,430
110,110,4,3
111,111,4,404
112,112,4,231
113,113,4,514
114,114,4,44
115,115,4,140
116,116,4,366
117,117,4,8
118,118,4,277
119,119,4,201
120,120,4,397
121,121,4,60
122,122,4,33
123,123,4,197
124,124,4,396
125,125,4,312
126,126,4,116
127,127,4,102
128,128,4,297
129,129,4,227
130,130,4,488
131,131,4,463
132,132,4,452
133,133,4,457
134,134,4,283
135,135,4,71
136,136,4,57
137,137,4,18
138,138,4,256
139,139,4,447
140,140,4,402
141,141,4,268
142,142,4,472
143,143,4,78
144,144,4,103
145,145,4,438
146,146,4,233
147,147,4,30
148,148,4,200
149,149,4,146
150,150,4,215
151,151,4,151
152,152,4,445
153,153,4,43
154,154,4,333
155,155,4,77
156,156,4,104
157,157,4,29
158,158,4,214
159,159,4,353
160,160,4,187
161,161,4,411
162,162,4,359
163,163,4,267
164,164,4,144
165,165,4,70
166,166,4,91
167,167,4,363
168,168,4,324
169,169,4,511
170,170,4,480
171,171,4,88
172,172,4,192
173,173,4,7
174,174,4,279
175,175,4,449
176,176,4,235
177,177,4,210
178,178,4,46
179,179,4,1
180,180,4,376
181,181,4,435
182,182,4,121
183,183,4,515
184,184,4,220
185,185,4,388
186,186,4,87
187,187,4,165
188,188,4,56
189,189,4,354
190,190,4,399
191,191,4,84
192,192,4,473
193,193,4,266
194,194,4,393
195,195,4,242
196,196,4,52
197,197,4,346
198,198,4,477
199,199,4,400
200,200,4,389
201,201,4,419
202,202,4,152
203,203,4,390
204,204,4,107
205,205,4,168
206,206,4,339
207,207,4,161
208,208,4,177
209,209,4,16
210,210,4,298
211,211,4,247
212,212,4,414
213,213,4,74
214,214,4,211
215,215,4,174
216,216,4,182
217,217,4,310
218,218,4,79
219,219,4,229
220,220,4,345
221,221,4,364
222,222,4,139
223,223,4,420
224,224,4,245
225,225,4,31
226,226,4,276
227,227,4,315
228,228,4,132
229,229,4,344
230,230,4,437
231,231,4,259
232,232,4,502
233,233,4,20
234,234,4,408
235,235,4,446
236,236,4,142
237,237,4,119
238,238,4,504
239,239,4,507
240,240,4,85
241,241,4,436
242,242,4,361
243,243,4,444
244,244,4,317
245,245,4,474
246,246,4,199
247,247,4,22
248,248,4,481
249,249,4,224
250,250,4,51
251,251,4,125
252,252,4,95
253,253,4,460
254,254,4,443
255,255,4,198
256,256,4,69
257,257,4,150
258,258,4,336
259,259,4,257
260,260,4,89
261,261,4,63
262,262,4,98
263,263,4,32
264,264,4,282
265,265,4,351
266,266,4,194
267,267,4,448
268,268,4,49
269,269,4,82
270,270,4,86
271,271,4,185
272,272,4,37
273,273,4,262
274,274,4,10
275,275,4,162
276,276,4,222
277,277,4,110
278,278,4,302
279,279,4,500
280,280,4,41
281,281,4,21
282,282,4,482
283,283,4,321
284,284,4,508
285,285,4,286
286,286,4,320
287,287,4,299
288,288,4,264
289,289,4,90
290,290,4,440
291,291,4,358
292,292,4,167
293,293,4,193
294,294,4,301
295,295,4,205
296,296,4,118
297,297,4,371
298,298,4,108
299,299,4,191
300,300,4,294
301,301,4,251
302,302,4,291
303,303,4,109
304,304,4,13
305,305,4,176
306,306,4,326
307,307,4,38
308,308,4,240
309,309,4,372
310,310,4,475
311,311,4,462
312,312,4,48
313,313,4,101
314,314,4,281
315,315,4,476
316,316,4,335
317,317,4,2
318,318,4,149
319,319,4,225
320,320,4,459
321,321,4,492
322,322,4,147
323,323,4,407
324,324,4,506
325,325,4,429
326,326,4,505
327,327,4,50
328,328,4,65
329,329,4,489
330,330,4,195
331,331,4,330
332,332,4,292
333,333,4,455
334,334,4,122
335,335,4,5
336,336,4,318
337,337,4,416
338,338,4,341
339,339,4,285
340,340,4,509
341,341,4,369
342,342,4,494
343,343,4,173
344,344,4,212
345,345,4,136
346,346,4,163
347,347,4,486
348,348,4,238
349,349,4,295
350,350,4,158
351,351,4,287
352,352,4,343
353,353,4,181
354,354,4,260
355,355,4,236
356,356,4,97
357,357,4,246
358,358,4,471
359,359,4,484
360,360,4,347
361,361,4,423
362,362,4,334
363,363,4,365
364,364,4,512
365,365,4,159
366,366,4,27
367,367,4,273
368,368,4,322
369,369,4,316
370,370,4,92
371,371,4,378
372,372,4,203
373,373,4,342
374,374,4,234
375,375,4,350
376,376,4,491
377,377,4,309
378,378,4,377
379,379,4,464
380,380,4,421
381,381,4,138
382,382,4,349
383,383,4,81
384,384,4,35
385,385,4,134
386,386,4,188
387,387,4,425
388,388,4,422
389,389,4,129
390,390,4,413
391,391,4,375
392,392,4,263
393,393,4,72
394,394,4,183
395,395,4,337
396,396,4,479
397,397,4,67
398,398,4,248
399,399,4,348
400,400,4,428
401,401,4,190
402,402,4,4
403,403,4,15
404,404,4,418
405,405,4,415
406,406,4,179
407,407,4,180
408,408,4,325
409,409,4,160
410,410,4,68
411,411,4,59
412,412,4,387
413,413,4,184
414,414,4,126
415,415,4,111
416,416,4,94
417,417,4,17
418,418,4,36
419,419,4,426
420,420,4,493
421,421,4,156
422,422,4,465
423,423,4,19
424,424,4,466
425,425,4,23
426,426,4,314
427,427,4,170
428,428,4,244
429,429,4,360
430,430,4,133
431,431,4,410
432,432,4,218
433,433,4,175
434,434,4,47
435,435,4,374
436,436,4,172
437,437,4,239
438,438,4,73
439,439,4,66
440,440,4,230
441,441,4,124
442,442,4,456
443,443,4,221
444,444,4,380
445,445,4,490
446,446,4,120
447,447,4,305
448,448,4,355
449,449,4,496
450,450,4,370
451,451,4,269
452,452,4,178
453,453,4,487
454,454,4,497
455,455,4,385
456,456,4,62
457,457,4,148
458,458,4,252
459,459,4,155
460,460,4,189
461,461,4,128
462,462,4,431
463,463,4,9
464,464,4,217
465,465,4,433
466,466,4,243
467,467,4,483
468,468,4,441
469,469,4,76
470,470,4,352
471,471,4,470
472,472,4,468
473,473,4,485
474,474,4,412
475,475,4,25
476,476,4,130
477,477,4,105
478,478,4,417
479,479,4,83
480,480,4,265
481,481,4,340
482,482,4,307
483,483,4,275
484,484,4,303
485,485,4,196
486,486,4,123
487,487,4,219
488,488,4,432
489,489,4,127
490,490,4,383
491,491,4,392
492,492,4,164
493,493,4,54
494,494,4,501
495,495,4,223
496,496,4,55
